0.09752290595536821 1.0 0.6672441198256546 [0.33612598 0.41976388 0.29497839 0.        ] 
0.1468187084551672 0.949559531208562 0.7142855577672454 [0.2899124  0.35569656 0.35772109 0.        ]
0.18804804057820454 0.9221382222218403 0.7541534549275709 [0.23601284 0.32127197 0.42279482 0.        ]
0.23152095488201158 0.8960406191996008 0.7967677048497674 [0.15429688 0.33278557 0.47937782 0.        ]
0.2727025330305397 0.8704887012334848 0.8329721081624126 [0.0951652  0.339672   0.54754147 0.        ]
0.30648985870206363 0.8473676862103808 0.8519280553780317 [0.03654686 0.38948104 0.59746007 0.        ]
0.29415440981464874 0.8597592569323068 0.8529108914430322 [0.01309977 0.42683692 0.60465881 0.        ]
1.0485620064713865 0.6095609952448902 0.9292760480543454 [0.00427645 0.41738439 0.60554613 1.        ]
1.0031878071569171 1.0 0.5292720397284876 [0.3877035  0.41277717 0.30986246 0.        ]
0.5593477058721932 0.9488297201638658 0.5977616631007118 [0.35406394 0.34996511 0.38332411 0.        ]
0.44076226917010813 0.920829041263087 0.6502087332090515 [0.33688986 0.30241528 0.46044134 0.        ]
0.3770488272358899 0.9066319316440886 0.7001443414108414 [0.38223022 0.23548935 0.46585715 0.        ]
0.36451422190836025 0.8885772391586189 0.7549632457460392 [0.40567667 0.19436594 0.52841008 0.        ]
0.351336052850072 0.8736249545441299 0.7944932668047306 [0.42125231 0.14724314 0.5527431  0.        ]
0.3460758789813778 0.887601345851404 0.8243855992146337 [0.43521147 0.08889021 0.54528546 0.        ]
0.35612119769587974 0.8955857695518508 0.8538524124337672 [0.41754448 0.03401264 0.57362685 0.        ]
0.34053355351733444 0.908205946904515 0.862602809556398 [0.4205462  0.00794495 0.5783029  0.        ]
0.9878819245693778 0.6198792988984859 0.8873902161579258 [0.41711619 0.00381327 0.58428658 1.        ]
1.0043461666150941 1.0 0.6935538601578979 [0.36910595 0.4001327  0.30906021 0.        ] -tahle
0.5573652390986907 0.9515905529105547 0.7359725718655565 [0.32584742 0.34827415 0.37843807 0.        ]
0.4180407767599608 0.9346745047897806 0.775277064722824 [0.32612969 0.33579598 0.44495261 0.        ]
0.37229332617726396 0.9152038327033085 0.8004228728425778 [0.32660796 0.31361009 0.51461843 0.        ]
0.328214076969115 0.9062560997174034 0.8318725941822088 [0.27640205 0.35409562 0.53541293 0.        ]
0.32462276933813927 0.8941768738143949 0.841501096086454 [0.22075522 0.38161037 0.56337242 0.        ]
0.30703217946469763 0.9074391477749647 0.8466982721744898 [0.18281925 0.40650528 0.55790679 0.        ]
0.2953736856870953 0.9119324571208685 0.8487128870036855 [0.15391298 0.43148821 0.5498432  0.        ]
0.28639900782058003 0.9157279800810864 0.8612521426467057 [0.13808903 0.46037609 0.54762145 0.        ]
0.2998254319603594 0.9272211818097835 0.8650986895761712 [0.0909099  0.46599212 0.5673019  0.        ]
0.31196380431958703 0.9335710214750108 0.8453306243109844 [0.04405515 0.44533358 0.58640129 0.        ]
0.9972309335171037 0.620927692895915 0.9301839087093191 [0.00481223 0.41772256 0.60576092 1.        ]
1.0008914183098634 1.0 0.6552883470868729 [0.42336657 0.41067411 0.23554548 0.        ] -tahle
0.5602373103819331 0.9442322615769352 0.7008869475524191 [0.38369075 0.33779082 0.31007077 0.        ]
0.4271879354862725 0.9237430873607074 0.7518899208728759 [0.3702851  0.27881397 0.35422114 0.        ]
0.37675964634948256 0.9061552349154192 0.7893246539187944 [0.40053234 0.2201432  0.39317039 0.        ]
0.36654024777383676 0.8864774790436971 0.8088798220454374 [0.43140673 0.17001192 0.44583984 0.        ]
0.3715036467699921 0.866118738778953 0.8343590309498878 [0.42173075 0.11363878 0.49772505 0.        ]
0.37697361420709513 0.8751406396764769 0.8371347702662829 [0.46571555 0.08651424 0.55039158 0.        ]
0.39379184768281406 0.8774280881984186 0.8285855462745942 [0.41943428 0.01193582 0.57815892 0.        ]
0.35088655320788226 0.8947549546198688 0.8299816795207969 [0.42157758 0.00997004 0.57668735 0.        ]
0.32214917182688435 0.9182165359667753 0.8280872946470951 [0.4227359  0.00719386 0.5843624  0.        ]
0.2999578599554942 0.9430597634915028 0.8159172776001837 [0.45246387 0.04523242 0.60815615 0.        ]
0.9935514306232628 0.6252779224564695 0.8725230160777228 [0.41524748 0.0047068  0.58115525 1.        ]
1.004929720992887 1.0 0.6669401992833665 [0.33876612 0.37078061 0.29766648 0.        ]
0.5584623415794739 0.9511204111784628 0.7134309563891577 [0.2719773  0.33721701 0.3606712  0.        ]
0.4452177415234652 0.920278789762731 0.7674611488413158 [0.19168628 0.34047377 0.42040849 0.        ]
0.409714319024015 0.8928658515449179 0.8138923716625478 [0.12439446 0.34381103 0.48322634 0.        ]
0.4070634363533238 0.8665639309196175 0.8578970902646089 [0.05867355 0.3651172  0.54432078 0.        ]
0.41194774898874725 0.8430032735403441 0.8863014472358148 [0.00748228 0.38627644 0.60420343 0.        ]
0.3529989054448944 0.8653760234693029 0.8856485724320096 [0.00883253 0.39083668 0.60300679 0.        ]
0.30964973425412234 0.8989877895839832 0.8806467740807998 [0.01504751 0.398719   0.60331477 0.        ]
0.9738923422665492 0.6215107373416948 0.7499606582867637 [9.50319207e-04 3.89268523e-01 6.02200124e-01 1.00000000e+00]
1.0036536116003238 1.0 0.6219370259215165 [0.36210131 0.35901369 0.29112759 0.        ]
0.5475004646665369 0.9593404820490181 0.6553588843044905 [0.31715424 0.32206589 0.34793786 0.        ]
0.4217291655124486 0.9352248023133967 0.663099925081449 [0.29609283 0.29668363 0.42004628 0.        ]
0.3539599576458031 0.9241381092187058 0.701365621730982 [0.33921473 0.23064947 0.42111603 0.        ]
0.3272855595561628 0.9114613726755216 0.7302293581390356 [0.36371764 0.2048151  0.46764699 0.        ]
0.3248071604176647 0.896694785058946 0.7502284666261331 [0.40462152 0.18950017 0.51752553 0.        ]
0.31533858100633 0.9017317747628439 0.7817314148033082 [0.43320826 0.15606103 0.53133858 0.        ]
0.31820803782930673 0.9065952702282476 0.8054128376251173 [0.42281948 0.09032592 0.5321964  0.        ]
0.31740101916306207 0.9153021005772906 0.8075941699881011 [0.41437625 0.0431521  0.52492912 0.        ]
0.2774979990423673 0.9298659265217736 0.8131458664851531 [0.44600624 0.07003297 0.5256799  0.        ]
0.28166437121286486 0.9375846388420376 0.8016620593512798 [0.39565506 0.02096236 0.51912991 0.        ]
0.9810889418961491 0.6233317436374128 0.7623392153990344 [0.38618686 0.00437731 0.50991561 1.        ]
1.0034814876664624 1.0 0.6482319305284958 [0.34967402 0.3806307  0.28782582 0.        ]
0.5631425442230967 0.9459109993013367 0.7000430510600559 [0.27735362 0.32780157 0.34849973 0.        ]
0.4139095965274864 0.9337291983225012 0.7176065199080341 [0.24381127 0.33354521 0.39366505 0.        ]
0.3503906775233794 0.9236844606914724 0.7380142209167493 [0.22811052 0.36941321 0.43894157 0.        ]
0.3298420923472681 0.9101922035489308 0.7520701848389798 [0.21099852 0.3948327  0.49158461 0.        ]
0.323185481045779 0.8959164441105046 0.7789829212400925 [0.18540612 0.3989591  0.54150327 0.        ]
0.27707507117653785 0.9155048056613274 0.7685804706146707 [0.18044336 0.39154095 0.53838457 0.        ]
0.24642492960697443 0.9332867407724168 0.7788421312175116 [0.18280694 0.40004633 0.54387428 0.        ]
0.21446370340311835 0.95654964818985 0.77787729273386 [0.18715999 0.39848846 0.53439199 0.        ]
0.20820905393033579 0.9767244537944599 0.773680402971803 [0.1675632  0.38752212 0.54664362 0.        ]
0.23367783660156488 0.9702036730913348 0.7258548496641205 [0.12070384 0.35023846 0.55582755 0.        ]
0.2767208438370415 0.9426753342329316 0.6738529427303509 [0.06668957 0.30421259 0.57441619 0.        ]
0.3084915884865623 0.9187201452930639 0.6305670204747291 [0.0185968  0.27785102 0.59290813 0.        ]
1.00049989339423 0.6166284575418404 0.9249058023906465 [0.0035991  0.2669567  0.59877912 1.        ]
1.0048108494822037 1.0 0.5645610601848774 [0.36749671 0.35340435 0.30801412 0.        ]
0.5571379596178023 0.9521390523186319 0.6059321518404812 [0.32936779 0.30129309 0.37867729 0.        ]
0.435414522544235 0.9257391019944217 0.6461611051063975 [0.31046368 0.26420897 0.4552198  0.        ]
0.3705563089294107 0.9108903012419739 0.6725373610897668 [0.31490855 0.23547715 0.50245325 0.        ]
0.33581320934841596 0.8998191269836217 0.6989996774433814 [0.30546262 0.1954293  0.52819685 0.        ]
0.34414678053917575 0.8841577186100518 0.7196540139218333 [0.25303651 0.13551217 0.54883214 0.        ]
0.3465776382182247 0.8958049541679753 0.743801816113278 [0.25507441 0.06358904 0.54291219 0.        ]
0.9720479728994253 0.6136244699608198 0.8769944031687275 [0.26524218 0.00390872 0.54763108 1.        ]
1.004422928507697 1.0 0.6048605876633627 [0.33941795 0.42072013 0.2915456  0.        ] - tahle
0.5593723962557321 0.9498059422320272 0.649059446763678 [0.28097588 0.36786476 0.35374374 0.        ]
0.45058902536154144 0.9164981090388394 0.6891021195209961 [0.21518402 0.32104759 0.41973204 0.        ]
0.36299257185484063 0.9087473118330849 0.7105917572153818 [0.22966272 0.32284759 0.46419165 0.        ]
0.33628814867450674 0.8984875798747047 0.7292987092185981 [0.21305437 0.31648063 0.51720893 0.        ]
0.3291577521230437 0.8870588735260114 0.7506918728737254 [0.24140107 0.31001272 0.57729245 0.        ]
0.3224676943752106 0.9040961955828841 0.7359096371176774 [0.26417207 0.26001146 0.6040827  0.        ]
0.33071929501921354 0.9089718476930573 0.7330694204572225 [0.30152059 0.23001172 0.64121308 0.        ]
0.3360265043425753 0.9066830250309333 0.7323942369318667 [0.32121961 0.19912982 0.67167877 0.        ]
0.3350435471958595 0.9092711377355395 0.7337435848237658 [0.32703403 0.16396933 0.68840319 0.        ]
0.3340050024609091 0.9191349518449589 0.734748400517454 [0.33871385 0.15327413 0.71779222 0.        ]
0.3260263779888338 0.9328010781165081 0.7319051022458739 [0.36032905 0.16143821 0.73943118 0.        ]
0.28865989754527815 0.9524322995703824 0.7381415929067102 [0.32587142 0.15346523 0.72497797 0.        ]
0.29040098514774915 0.9625688012413851 0.7228252420614554 [0.35520197 0.11141812 0.70142758 0.        ]
0.3018755989999138 0.950425979673155 0.7032653078231137 [0.33594005 0.056265   0.65271432 0.        ]
0.3236588876638697 0.9267839770822244 0.6828860848316409 [0.33526496 0.00700965 0.61577498 0.        ]
0.30583378768216735 0.9183060147481134 0.6839388622908601 [0.34726293 0.00844347 0.61295539 0.        ]
0.28837059623898487 0.9266690044622565 0.6839018417426314 [0.34836977 0.009998   0.6101356  0.        ]
0.27366583661666244 0.9478891625157809 0.6822504862776972 [0.33585634 0.00832858 0.60969525 0.        ]
0.26082587031925003 0.9758157685115771 0.6854817087748662 [0.35152287 0.01037259 0.61716937 0.        ]
0.2495757390976564 0.9925189967769059 0.6843106419451441 [0.34077867 0.00684867 0.62055136 0.        ]
0.23841296152334637 0.9726361944412486 0.6890445902291732 [0.39604305 0.05790476 0.62064179 0.        ]
0.25229220288361104 0.9415672791058454 0.6638746397780264 [0.45228995 0.11717998 0.62548014 0.        ]
0.2636791290493747 0.9188329519858324 0.6402919396624512 [0.48105238 0.1545897  0.60223396 0.        ]
0.28079660592642136 0.9035838512284351 0.6117362804441536 [0.50689806 0.19454359 0.5749539  0.        ]
0.2326667760799223 0.9135193676303169 0.6500025587423528 [0.43961381 0.13249765 0.55875974 0.        ]
0.21613254575041327 0.928864155146851 0.6848042485384369 [0.37181241 0.07366256 0.55796839 0.        ]
0.22456379369381266 0.9195315854453123 0.6882975465232094 [0.33218734 0.10570001 0.50928498 0.        ]
0.21877376083949926 0.9124465304687411 0.6926393578513491 [0.32435355 0.13063377 0.50338939 0.        ]
0.2414929369127425 0.9034275066697955 0.6849595773428927 [0.26054786 0.16657389 0.47555395 0.        ]
0.2680197130819674 0.9038790247559494 0.6902172988270285 [0.19173456 0.21238266 0.48037111 0.        ]
0.30858165572793184 0.8895705991374586 0.6951216142179669 [0.14176773 0.27909429 0.47435681 0.        ]
0.3468658724572604 0.878764676200335 0.7012235449710804 [0.10571294 0.34554753 0.49780444 0.        ]
0.3618363300717583 0.8731829088828883 0.7364230428360867 [0.11774044 0.40543989 0.53007225 0.        ]
0.35906237204406627 0.885727232634755 0.7556254918165528 [0.14180407 0.4332602  0.55230938 0.        ]
0.35369527448275656 0.9024224582983245 0.7622203738735022 [0.18828803 0.45955557 0.53336943 0.        ]
0.341408067655921 0.9234878798784679 0.7636464438922761 [0.18563087 0.45493743 0.53454033 0.        ]
0.3336201715726698 0.9452456356658511 0.7605423926377654 [0.18153963 0.45382916 0.52600238 0.        ]
0.32895782816170444 0.9649238868961948 0.7613886429797683 [0.18938628 0.46232841 0.53183134 0.        ]
0.32119573423204284 0.9785266457546825 0.7627261688701695 [0.19055038 0.46324914 0.53586103 0.        ]
0.31243181332665226 0.994353058178215 0.7641492101868863 [0.18461045 0.45990521 0.53402273 0.        ]
0.3054528493714444 0.9903974138864335 0.7641230218732019 [0.17013073 0.45196249 0.54381586 0.        ]
0.3050353660319522 0.9720112809871588 0.7521958702834868 [0.12530905 0.42333286 0.55473104 0.        ]
0.31689701758688416 0.9496512554824631 0.7399105409037411 [0.07861545 0.39308611 0.56638843 0.        ]
0.34033350022114295 0.9283462973268862 0.731201712732296 [0.03123204 0.36671222 0.59043648 0.        ]
0.3358223347147507 0.9246054196779784 0.7344647284369681 [0.03146747 0.37075746 0.60098696 0.        ]
0.3288089408946826 0.9334512531913732 0.7333128383584213 [0.03024275 0.36761218 0.60074782 0.        ]
1.0481567326332988 0.6238824378885244 0.9207556362902176 [0.00455428 0.342543   0.59885225 1.        ]
1.0057282233707647 1.0 0.6179090210454893 [0.36748804 0.3812884  0.30762017 0.        ]
0.5622985965941638 0.9485576053813536 0.6703854140769515 [0.33595101 0.31131572 0.37613674 0.        ]
0.44716167697032144 0.9185948088186573 0.7068638338317236 [0.31138074 0.24873403 0.44548794 0.        ]
0.40048599551846437 0.8960945970199028 0.7396834466685762 [0.32811712 0.19662902 0.50773846 0.        ]
0.3770780606177931 0.8783584532315213 0.7690595135808516 [0.35711932 0.1532817  0.55355136 0.        ]
0.3682793456428417 0.8626234769322098 0.7901340111053623 [0.37718287 0.12004066 0.60125454 0.        ]
0.3585068723121654 0.8803483152213537 0.8089341746044924 [0.37228044 0.07663695 0.6261532  0.        ]
0.3572847727103383 0.896917498455931 0.8151780373023003 [0.34682053 0.02375558 0.63406676 0.        ]
0.9856135041141394 0.6179871500682297 0.8647939168370663 [0.34055429 0.0024214  0.61609596 1.        ]
1.0032281276033825 1.0 0.5417063600887642 [0.35741397 0.37453145 0.29377125 0.        ]
0.5531224374314156 0.9541876891491946 0.5772591369743558 [0.28726267 0.33707357 0.33927701 0.        ]
0.4323754625511043 0.9274277360844703 0.5986281910467569 [0.22320659 0.32406998 0.39757933 0.        ]
0.3923882699979004 0.9029571380426742 0.6123379828807965 [0.16461814 0.32171381 0.4578308  0.        ]
0.3712958039566797 0.8837109581205701 0.6260155436507246 [0.12312213 0.33839474 0.5107013  0.        ]
0.3820983640526971 0.8621653579937595 0.6459030233339552 [0.06807468 0.34371462 0.57025337 0.        ]
0.3726130094576045 0.8727283623029058 0.653973912743707 [0.02329542 0.32212175 0.59262914 0.        ]
0.34290368767496593 0.8926060601642605 0.6517346473033448 [0.00659914 0.31617744 0.59992677 0.        ]
0.9793849981836167 0.6183993746229581 0.7659802635160498 [0.0039751  0.313882   0.60383183 1.        ]
1.0043029419142873 1.0 0.6286159940749073 [0.35547992 0.36278743 0.3039012  0.        ] -tahle
0.5411403654858244 0.9644699530687463 0.6827174073939545 [0.317571   0.30282274 0.29981622 0.        ]
0.38513293896272494 0.9570584456563843 0.7194808627694186 [0.32813274 0.26794472 0.31713743 0.        ]
0.30423174158407196 0.9541513899145052 0.7228062933006234 [0.33210838 0.25872587 0.33982541 0.        ]
0.2414957336349513 0.9557562750975165 0.7229566933431598 [0.32946516 0.26243178 0.33612157 0.        ]
0.20039285444074997 0.9584001627346853 0.722804907189663 [0.33076202 0.26773853 0.33252337 0.        ]
0.1729166649738141 0.9791093241951205 0.7236512093470948 [0.33109288 0.26641509 0.33603357 0.        ]
0.16608458465756742 0.9882233059888424 0.7229945803888347 [0.33222847 0.25648552 0.35383255 0.        ]
0.23407210809006104 0.9570343406234498 0.6669368088337608 [0.25755686 0.20137011 0.40055947 0.        ]
0.29087395512251024 0.9214325049018184 0.6783244633762545 [0.20116536 0.15958837 0.45199928 0.        ]
0.32396186787825937 0.8940615989583928 0.6828320489099747 [0.16622951 0.14901507 0.51044208 0.        ]
0.31972278572430174 0.8855043911080245 0.692050815382075 [0.18553876 0.13417198 0.54590995 0.        ]
0.3037568903718689 0.8959603801129057 0.6985666076300912 [0.23485064 0.09144297 0.53729148 0.        ]
0.30080299660799986 0.9182146770863163 0.7018938645755438 [0.27989772 0.04540702 0.507359   0.        ]
0.30165836969246435 0.9170723950109162 0.7022717259663198 [0.32366368 0.01769919 0.48017046 0.        ]
0.26992345623307273 0.9105064734430285 0.7141397799412951 [0.361946   0.05651148 0.46613668 0.        ]
0.24848960595373543 0.9192629616466178 0.7152000203647508 [0.35662513 0.0652362  0.46668413 0.        ]
0.23769471280640175 0.9401800768722989 0.716680457290917 [0.36614103 0.06649668 0.46445061 0.        ]
0.22520452618410028 0.961484900484282 0.7147563017622257 [0.36033702 0.06140806 0.46350166 0.        ]
0.21702195412405895 0.9773267728492951 0.7138340089468294 [0.36103241 0.05616147 0.46461435 0.        ]
0.238135294537866 0.9726937548047707 0.6989331558790137 [0.31666615 0.00802144 0.48471328 0.        ]
0.22852227708894501 0.9631912837805904 0.6973694788899704 [0.30328871 0.00929889 0.48746066 0.        ]
0.21890995078404532 0.9605928633357761 0.6967194691372836 [0.30807423 0.00626253 0.47952335 0.        ]
0.21160302697648717 0.9639345991575486 0.6985076889983289 [0.30803709 0.00567075 0.48643954 0.        ]
0.9994482754142866 0.6262685774035108 0.8663914987081403 [0.31260521 0.00446532 0.4850313  1.        ]
1.004490976999014 1.0 0.578361457713678 [0.33897173 0.41940416 0.29399592 0.        ]
0.542250274084748 0.9644014993497212 0.6091120716422532 [0.28998148 0.41444378 0.34541929 0.        ]
0.42180865841751697 0.937276882637145 0.6256824063240942 [0.22486089 0.41927896 0.39629462 0.        ]
0.3944220823609531 0.9071197507313848 0.6384926824863679 [0.15770764 0.44054981 0.46206108 0.        ]
0.3490318713803713 0.8931817370979606 0.6570998973420312 [0.14900966 0.46179706 0.50060801 0.        ]
0.3628181184623494 0.8736775181263187 0.7231719741000935 [0.09360275 0.46628375 0.56095418 0.        ]
0.3577671448809983 0.881480787263187 0.7326349340444558 [0.0430239  0.42742716 0.58165976 0.        ]
0.9746639551717798 0.6128888584902281 0.8867249774781211 [0.00461593 0.41306656 0.59791815 1.        ]
1.0018399670460876 1.0 0.5510437527873432 [0.44036258 0.4750024  0.2932868  0.        ]
0.5337776962116104 0.969640217732452 0.60790895138534 [0.44847521 0.47590059 0.35345526 0.        ]
0.4019618264263194 0.9488035126491103 0.6370816688160206 [0.44808975 0.46219853 0.41739547 0.        ]
0.3340967755107745 0.9377334893959302 0.6630708646483212 [0.45278768 0.40836939 0.43355257 0.        ]
0.3305708716634426 0.9173654004958378 0.6833823265553205 [0.44804678 0.37976559 0.50699826 0.        ]
0.30919491647165714 0.9039502627620525 0.6998990818706968 [0.44212907 0.3361336  0.52170206 0.        ]
0.29298835632828046 0.9102911602179163 0.7149419385201445 [0.44254301 0.28635688 0.50196667 0.        ]
0.30212595164770745 0.9142990561195482 0.7450283795463576 [0.41745366 0.25080378 0.54061507 0.        ]
0.3174347134047695 0.9166078310474238 0.7453979390658619 [0.39009468 0.23196869 0.59312619 0.        ]
0.3273236043311269 0.9192910757527535 0.7593361823788868 [0.38503175 0.23525283 0.65139453 0.        ]
0.3353347278277158 0.9153428940280722 0.7641890280257998 [0.37758156 0.24797507 0.70101471 0.        ]
0.3322062442894126 0.912807581795164 0.7674308248377062 [0.38782662 0.24381963 0.73008288 0.        ]
0.32411274416544333 0.924109794902412 0.7705475061266718 [0.40028413 0.23900319 0.74893951 0.        ]
0.30621069134850476 0.9411385475913578 0.77051175659694 [0.39676577 0.24763556 0.75663892 0.        ]
0.2838807140062421 0.961439526849742 0.7702747488723235 [0.39483296 0.24797525 0.75391544 0.        ]
0.266752124742832 0.9784671993160585 0.7705552216347655 [0.39984049 0.24110764 0.75253403 0.        ]
0.25888291944844155 0.9766661978828768 0.7591897479231886 [0.40074255 0.19536538 0.72010313 0.        ]
0.2773675535134578 0.9463294212939362 0.7486495385021614 [0.3642945  0.13665472 0.66515677 0.        ]
0.29555389867105786 0.921861548183042 0.7544931002414278 [0.39416125 0.08868669 0.63659916 0.        ]
0.3279568325321033 0.9010159140935152 0.7526914069708963 [0.39274781 0.03527168 0.59606499 0.        ]
1.0276723134996721 0.6127379682835421 0.9333670805480764 [0.41291467 0.00443784 0.58080989 1.        ]
0.08663445849801782 1.0 0.5762073075906463 [0.34687453 0.38446192 0.2940362  0.        ]
0.11717207337209636 0.962177582549075 0.6157128019435696 [0.28900333 0.39442778 0.34172002 0.        ]
0.15347445497596143 0.9381662305029823 0.6379494264952418 [0.23365918 0.40424221 0.39265594 0.        ]
0.19550698788615692 0.913698464683177 0.6555143157181157 [0.17878645 0.41166611 0.45141212 0.        ]
0.19617119057031415 0.9006759854839982 0.674072743063045 [0.17172695 0.44331333 0.48938753 0.        ]
0.2413674348315014 0.8816916376300583 0.6814764913679621 [0.1228434  0.45339839 0.55135133 0.        ]
0.24693527267706722 0.8916884629914101 0.6898174817446845 [0.08047283 0.43224446 0.56991765 0.        ]
0.2625311731045124 0.9025030192940077 0.6884327012505167 [0.03672261 0.41176505 0.59017777 0.        ]
1.0472441052762564 0.6171285163760962 0.9272967682725873 [0.00474788 0.39024939 0.60507367 1.        ]
1.00468315297645 1.0 0.4911177920518005 [0.36566722 0.36006249 0.31305789 0.        ]
0.5509105195034182 0.9572681562688424 0.5436749219846772 [0.3325677  0.32454723 0.38339373 0.        ]
0.4135918691660685 0.939254354479522 0.5886568903410813 [0.32908608 0.29001767 0.43762331 0.        ]
0.3512386048234009 0.926690475899448 0.6300850043590677 [0.36845926 0.24604404 0.46175845 0.        ]
0.3353464235049511 0.9104630775786234 0.6700939840008805 [0.39394266 0.238749   0.52856428 0.        ]
0.3253179921776162 0.8958329770027857 0.6861483316509933 [0.39888352 0.23953143 0.5849032  0.        ]
0.3171973727683252 0.9038556591004803 0.6968676273480281 [0.39973796 0.23917399 0.6292906  0.        ]
0.2977220442563633 0.9145520386728153 0.7011428624321933 [0.41416198 0.18770211 0.62483113 0.        ]
0.281309463730199 0.9281737452982312 0.7094329113784723 [0.46119829 0.18357295 0.61475699 0.        ]
0.25909122642569843 0.9456026037553447 0.7084917931396658 [0.46864168 0.17262572 0.60527233 0.        ]
0.2609594925702329 0.9420979768889922 0.6844049699275995 [0.45861532 0.11801978 0.55062927 0.        ]
0.27231449011056236 0.9292120950105431 0.6623730301227412 [0.4484524  0.0735153  0.52659861 0.        ]
0.29650027543716295 0.9188804969931599 0.6138414190109357 [0.40172302 0.02014135 0.50777048 0.        ]
0.2870301046433413 0.9137940803770873 0.6092572189820298 [0.39161035 0.00725262 0.51232829 0.        ]
0.23668299392164294 0.9283224217602405 0.6463150652470468 [0.42899504 0.05573502 0.52339236 0.        ]
0.2073869214416971 0.9493324000173029 0.678739262660487 [0.45551386 0.10306172 0.54781027 0.        ]
0.21362982635970845 0.9339304574156382 0.7000082226891708 [0.50788788 0.15621196 0.56174024 0.        ]
0.2028257470981666 0.9205085875439087 0.7026876941292565 [0.50672749 0.15642556 0.57135137 0.        ]
0.19727801751738794 0.9204204653369504 0.699999911226528 [0.50577001 0.17257201 0.58906192 0.        ]
0.17824129445020714 0.9422893832784498 0.7067966224681324 [0.46728278 0.16433672 0.6015773  0.        ]
0.17899299972631327 0.9577449693517052 0.7099193469461771 [0.46221375 0.1857639  0.61980146 0.        ]
0.18458776852857064 0.9581176524318823 0.7074865809436721 [0.43342639 0.19891451 0.63888567 0.        ]
0.1721506957057791 0.959566104845113 0.7085600708791268 [0.44001359 0.19387634 0.63289507 0.        ]
0.18439929003687525 0.9540866944568062 0.6831251681015951 [0.37232146 0.19036253 0.62767169 0.        ]
0.21155350768919814 0.9498116999101751 0.678213965976003 [0.36258941 0.23717978 0.66398679 0.        ]
0.2484936628909769 0.9370869326309743 0.6724659347809256 [0.31732598 0.26542659 0.68449388 0.        ]
0.2925545475544108 0.9208622816643708 0.6466232152268349 [0.26413405 0.30473495 0.69536171 0.        ]
0.26351226833213187 0.9218199425713118 0.6678445645773392 [0.3019578  0.29762599 0.70271574 0.        ]
0.2491556754926704 0.9392299113395427 0.6733066494786132 [0.31249618 0.29261284 0.70448696 0.        ]
0.23342663207090786 0.9606527943098494 0.6764038992885475 [0.31506297 0.28359439 0.69818622 0.        ]
0.23368757285785818 0.9768278364352193 0.6726801153705703 [0.31046922 0.2924375  0.70355722 0.        ]
0.25759212469615494 0.9764444607173144 0.6490896470694939 [0.26439563 0.30677099 0.70434595 0.        ]
0.27929220818646916 0.9588470643277175 0.6102123028517058 [0.20910298 0.30908514 0.66990934 0.        ]
0.31240864538217333 0.9344140855488536 0.5659855769282521 [0.15606912 0.31959152 0.64358733 0.        ]
0.35012416105697874 0.9125581529891792 0.5121692685634175 [0.10450562 0.33636188 0.60808771 0.        ]
0.2896912735061115 0.9217180288461249 0.5754871254242241 [0.16598079 0.31799546 0.64670781 0.        ]
0.24882186768487208 0.9388636648229379 0.6218939640060335 [0.22519686 0.30753217 0.68123368 0.        ]
0.22489115673024682 0.9361347167347858 0.6555222539712977 [0.2765302  0.30201344 0.70379272 0.        ]
0.20852620454046372 0.9185461523207185 0.6717195607502713 [0.31372842 0.29537081 0.70493378 0.        ]
0.20159756985176838 0.9135182325189862 0.6735773894085464 [0.31162507 0.29128785 0.7032571  0.        ]
0.19316246348994123 0.9402925728431311 0.67236866772596 [0.3121705  0.28965103 0.69364795 0.        ]
0.19116147509360903 0.965723611700023 0.6738866872731814 [0.31182932 0.28986578 0.70132892 0.        ]
0.18577336937389904 0.9851130534184875 0.6744086161585532 [0.31598838 0.29100373 0.69839828 0.        ]
0.18640979907808172 0.9923339355571843 0.6723102577330683 [0.3288197  0.29297452 0.70631455 0.        ]
0.2249793742221902 0.9693981507994586 0.6090134131567533 [0.37073846 0.33114872 0.74255553 0.        ]
0.23382450695336035 0.9567529152088939 0.6083225682353784 [0.38695593 0.34076579 0.75131274 0.        ]
0.2308002068911254 0.9529396819563547 0.606632611192962 [0.39270154 0.34071279 0.75185303 0.        ]
0.23246439372088448 0.9542582724624716 0.586291389774269 [0.40092385 0.34574857 0.75437485 0.        ]
0.22519336348653893 0.964754732762345 0.5896170473507324 [0.39999649 0.34323627 0.75234772 0.        ]
0.2210104628965447 0.9880531014322286 0.5994494424223534 [0.39113408 0.34634997 0.7543623  0.        ]
0.179898723977247 0.9845863168433963 0.6238691182514959 [0.3610308  0.32908376 0.73937053 0.        ]
0.15722044344648609 0.9637112278047127 0.6597161314961459 [0.31318201 0.31044134 0.71776826 0.        ]
0.16343408765403422 0.9435328035084105 0.649579272198926 [0.26632618 0.30626498 0.70244949 0.        ]
0.1935249268052038 0.9238523741510692 0.6115463296641562 [0.20947644 0.30768506 0.67443741 0.        ]
0.1518978867701706 0.9311376609375361 0.6486476266027765 [0.26626131 0.29970012 0.69802354 0.        ]
0.1295660653523233 0.9472530774982296 0.672509722194848 [0.30978743 0.29138108 0.70114643 0.        ]
0.12568794434225544 0.9591839488491739 0.6744637146398479 [0.31658812 0.29146876 0.69961478 0.        ]
0.12448003592143442 0.9570823775645496 0.6752954039566483 [0.32887763 0.28259271 0.68337974 0.        ]
0.1316240375970671 0.9470514114434557 0.6774026263027465 [0.35066774 0.24183589 0.66597021 0.        ]
0.1464578585750088 0.9473800289564088 0.692162142221464 [0.3949714  0.23728284 0.63255811 0.        ]
0.16094889588826608 0.9395524163249401 0.7049744771748697 [0.42056683 0.19717714 0.63606681 0.        ]
0.18017419162757561 0.9304299500756548 0.7093795663359834 [0.45734417 0.18963567 0.62175672 0.        ]
0.19968993881196592 0.9292252819251221 0.7067246418985701 [0.47513961 0.16862211 0.60035298 0.        ]
0.22509943846540847 0.933616055461613 0.7034708975152288 [0.4938228  0.14947471 0.5716094  0.        ]
0.23176762991401406 0.9426858552104259 0.7011234592460267 [0.4959244  0.14035011 0.56140614 0.        ]
0.22391415703589185 0.9548098020074417 0.7019188020324374 [0.4938009  0.14678423 0.56406698 0.        ]
0.2270151429765063 0.9677419297817562 0.7019171667343053 [0.50010469 0.14741484 0.56191631 0.        ]
0.26365266203506665 0.9643182595829825 0.6654633350861724 [0.4587115  0.10554285 0.5105419  0.        ]
0.29719340114318665 0.9463829665888501 0.6200135862436571 [0.42481973 0.08424162 0.46515529 0.        ]
0.3179694724443533 0.9287415322920965 0.608020915133872 [0.39835067 0.02085053 0.49126754 0.        ]
0.31733893810625585 0.9219419144334945 0.6033987691001537 [0.39590985 0.00790222 0.50498576 0.        ]
1.053767411795954 0.6201442524171782 0.9084152534594513 [0.38752562 0.0040213  0.50282643 1.        ]
1.005880180929857 1.0 0.46106629012685685 [0.34032654 0.35334535 0.2986651  0.        ]
0.5534592499738905 0.9560903982789534 0.4965067139171707 [0.2815815  0.30269369 0.33984328 0.        ]
0.4436993219681693 0.9232649165676059 0.524255229936237 [0.23419416 0.24821012 0.41118598 0.        ]
0.3905308906862639 0.9022439491382995 0.5468515801534204 [0.21416098 0.20173083 0.46128028 0.        ]
0.34027025682437617 0.8942774484176138 0.5817215356090196 [0.24571814 0.1501038  0.45274085 0.        ]
0.3345691163124374 0.8826796127863863 0.6196538554148661 [0.24485826 0.10086478 0.4881149  0.        ]
0.33287920928077946 0.8965620956880545 0.6512686080357335 [0.25641532 0.06073963 0.52094891 0.        ]
0.3432319866096594 0.9061119493250155 0.6862147289203407 [0.25836832 0.01167907 0.54946974 0.        ]
0.30960559585553243 0.9174188852640898 0.6880352635853655 [0.27508459 0.00903458 0.54916668 0.        ]
0.2801898019920483 0.9337951990795275 0.6870389050339559 [0.26119709 0.0089688  0.55396425 0.        ]
0.9796970168176908 0.6247095359589022 0.8339941457602343 [0.26389601 0.00380283 0.55043044 1.        ]
1.0049829925254785 1.0 0.4232278611274705 [0.34864771 0.39789046 0.295028   0.        ]
0.5412044525673082 0.9657274808598637 0.46382833895478115 [0.31513661 0.3457893  0.32436906 0.        ]
0.438832799292312 0.9283328805929653 0.5028914161639744 [0.27300142 0.27737054 0.39453013 0.        ]
0.41000330720933653 0.896515495526756 0.530799250863311 [0.2365909  0.22084318 0.46666988 0.        ]
0.38986779003177785 0.8744743184982385 0.571277511146691 [0.26452779 0.15443201 0.51070123 0.        ]
0.3922726993637504 0.8537690258157458 0.6135157301803661 [0.29138189 0.09686203 0.55992499 0.        ]
0.3919344162024137 0.8589628746578836 0.6524863194244931 [0.32263222 0.0425332  0.58380911 0.        ]
0.9913813974580673 0.6064709787855681 0.8982000942683329 [0.34510913 0.00492671 0.61345714 1.        ]
1.0051364300423486 1.0 0.44553860730970685 [0.33961587 0.34875269 0.28629589 0.        ]
0.5611598831908189 0.9489940568489471 0.506059958135529 [0.26783984 0.30466845 0.34383898 0.        ]
0.42341198178489314 0.9308808794128928 0.5473128554483295 [0.22908925 0.2588173  0.37434055 0.        ]
0.3832946059478769 0.9092941818960346 0.5664629334060647 [0.16906308 0.24751571 0.43238625 0.        ]
0.34650945694428814 0.895842811458107 0.5896525121448796 [0.15253268 0.2068295  0.45913797 0.        ]
0.32064768783196573 0.8870524020984548 0.6038528397438321 [0.15947073 0.16869404 0.48218843 0.        ]
0.31623107881518836 0.9068053115527676 0.6001556528154284 [0.21133491 0.10927094 0.48656292 0.        ]
0.34718864433118773 0.9011045839339411 0.6728879664197268 [0.27817929 0.03754683 0.49370739 0.        ]
0.3426342732644558 0.8915276976683686 0.6930722637784127 [0.31160923 0.00663187 0.48825317 0.        ]
0.29664069291879425 0.9002518275201864 0.6856472157332939 [0.29392757 0.02225413 0.49840772 0.        ]
0.9779406466774117 0.6181986000582358 0.8879379085861842 [0.30880867 0.00423807 0.48348625 1.        ]
1.0042954580643901 1.0 0.4889065532603444 [0.34934489 0.40539256 0.29371665 0.        ]
0.5496224455628002 0.958007949006977 0.5316635321740328 [0.30700165 0.35062039 0.3412602  0.        ]
0.40520242709836557 0.9440222539516142 0.5708955616500456 [0.31433144 0.29212461 0.35275169 0.        ]
0.3272500818832592 0.9378550462127656 0.5781173663916754 [0.3395385  0.26616452 0.35896258 0.        ]
0.2617586280198797 0.9385228465158383 0.5781756668379875 [0.34212857 0.26797658 0.35733385 0.        ]
0.22544141547180221 0.9393291690778767 0.5775615789328131 [0.34640927 0.26075299 0.36246851 0.        ]
0.19344367846437252 0.9636202595040466 0.5769335782615582 [0.34384665 0.26088894 0.36424394 0.        ]
0.1678254197777455 0.9842276776095688 0.5772192622843865 [0.34181358 0.26474017 0.36364624 0.        ]
0.23558979123667545 0.961489336041067 0.5614586143879452 [0.32091692 0.20554805 0.44286471 0.        ]
0.294284900060652 0.9260834679434972 0.5621580211888676 [0.32761571 0.1637819  0.52412184 0.        ]
0.33475922910159556 0.8977274714781955 0.5730993849706316 [0.39804665 0.09703904 0.54739632 0.        ]
0.3670788252803641 0.8758215385975934 0.5686968906636007 [0.44458625 0.07346243 0.59595912 0.        ]
0.37205254560632206 0.871849736123343 0.5875425511807406 [0.42471194 0.00895753 0.58592507 0.        ]
0.3434357444025256 0.8980058944456037 0.587709707388545 [0.41389418 0.00687749 0.58046559 0.        ]
0.3232523604936664 0.9262598500192483 0.5872746216376817 [0.41754785 0.00791275 0.58681375 0.        ]
0.3025923620409465 0.9572037584569464 0.5877357940646071 [0.41123825 0.00575447 0.58282151 0.        ]
0.286295777488212 0.9726642393439041 0.5865417266739279 [0.4186813  0.00911669 0.58877623 0.        ]
0.28441000667177013 0.9680239666506605 0.5698919117799972 [0.47787966 0.06473653 0.60053792 0.        ]
0.2776676840076487 0.9466199484838647 0.5658183052931542 [0.50933127 0.09999454 0.58101765 0.        ]
0.2661695983147528 0.9388242982312593 0.5643139132336045 [0.51224111 0.10250164 0.58283902 0.        ]
0.25132942972045313 0.9406756170256091 0.5664158604087318 [0.50567214 0.09505624 0.58477929 0.        ]
0.23738814705807235 0.9514773014060306 0.5797030673814222 [0.45762266 0.04300827 0.59230869 0.        ]
1.0101351387352029 0.623973165239348 0.776359515706775 [0.41808627 0.00263741 0.58211938 1.        ]
1.0014159885388174 1.0 0.4596841919864049 [0.39271183 0.36370233 0.26318854 0.        ]
0.5514238903039967 0.9535167766246477 0.469266481710806 [0.35400338 0.31841258 0.33455558 0.        ]
0.39485119935110297 0.9470760530944534 0.48111610989360803 [0.39004996 0.27859715 0.34294308 0.        ]
0.3445251811201316 0.9323441233047414 0.5016130567668896 [0.4205129  0.23794218 0.3821646  0.        ]
0.32501778607133336 0.9162121642599048 0.5374342429561705 [0.43736349 0.21150603 0.43516843 0.        ]
0.30627260752272467 0.9040003232172367 0.5675082512287308 [0.44779979 0.16647876 0.44375262 0.        ]
0.30886122414917155 0.909480813383883 0.5966817388316258 [0.43930469 0.12167619 0.47507685 0.        ]
0.32711386479582577 0.90812659390159 0.6231230064216627 [0.41660266 0.05930163 0.49424366 0.        ]
0.3360424377940129 0.9080753867928028 0.642690210055143 [0.39516589 0.01052165 0.50233909 0.        ]
0.3080685267704189 0.9150138507398863 0.64374305089814 [0.38903113 0.00507778 0.50217981 0.        ]
0.27233243843571925 0.9322166575720783 0.6443667080519052 [0.40730195 0.03663713 0.52473727 0.        ]
0.9815089350505625 0.6242446426116185 0.926345522664653 [0.38727746 0.00285997 0.50698669 1.        ]
1.0020391863458906 1.0 0.46995465283388926 [0.38987246 0.36149651 0.27489544 0.        ]
0.554969176700921 0.9513308243495145 0.4942137551663214 [0.33969426 0.30640124 0.33751664 0.        ]
0.40808456234092416 0.9383314524877708 0.5185944801218559 [0.33719401 0.26269017 0.37076998 0.        ]
0.3416167210437715 0.9283400949721387 0.5427614961585593 [0.33914544 0.22310268 0.3934527  0.        ]
0.34915014625044527 0.9060904255954707 0.5707253290403118 [0.29768156 0.17101836 0.45714287 0.        ]
0.363489905985301 0.881884674485548 0.6192575002884144 [0.24930436 0.10801982 0.4873952  0.        ]
0.36169824517303173 0.8851109452670386 0.6515521348642602 [0.25220433 0.06788628 0.53263991 0.        ]
0.3652257751778689 0.8840005777476917 0.6909141578897319 [0.25496724 0.01577004 0.55467092 0.        ]
0.9809639981134457 0.6132154221301244 0.9136718366907524 [0.26742061 0.00294764 0.55399044 1.        ]
1.005092323609875 1.0 0.5849928885827468 [0.34007997 0.3553437  0.29364103 0.        ]
0.5421515033683871 0.9650564862535838 0.6153620384888092 [0.28704661 0.33135891 0.33232423 0.        ]
0.4156774897478101 0.9412776649005096 0.6403177472605527 [0.23531057 0.328196   0.38715195 0.        ]
0.39140639204548555 0.9105509495970225 0.6555650476836149 [0.16433828 0.30718022 0.45061011 0.        ]
0.3697533795724799 0.8890442355178569 0.6745209225366328 [0.12130673 0.32371875 0.50217901 0.        ]
0.38487768070246253 0.8650367992528907 0.697313698322025 [0.06101417 0.32984974 0.56304645 0.        ]
0.3849892544353369 0.8667473706982681 0.7146889806880601 [0.01043705 0.31376078 0.59561092 0.        ]
0.9764614677260299 0.6100536882131309 0.916679678932922 [0.00298453 0.31098652 0.60019413 1.        ]
1.0044710282016445 1.0 0.5873590815178299 [0.34812764 0.36291463 0.29897957 0.        ]
0.5502816006661007 0.9576624593002111 0.6264483590087745 [0.2844705  0.33569157 0.34772938 0.        ]
0.4063145384078674 0.9433780822562864 0.6499469443500726 [0.24957622 0.35581454 0.39084852 0.        ]
0.3718478750104339 0.9198607300847556 0.6574425395258541 [0.18793126 0.34097528 0.44612706 0.        ]
0.3704810712347465 0.8942729567832353 0.6620993048083306 [0.12862341 0.33983931 0.50648318 0.        ]
0.3883234281610262 0.8673996099719495 0.6678559100350049 [0.06800111 0.34479817 0.57131387 0.        ]
0.38302196477100386 0.8688861243779884 0.6744184809458267 [0.0192045  0.32382967 0.59639722 0.        ]
0.34384431136096233 0.8817897582700139 0.6741662047665036 [0.01147988 0.31933211 0.60079719 0.        ]
0.3084377810289826 0.910692057971135 0.6733363479826461 [0.01166557 0.30151211 0.59345111 0.        ]
0.9818377885811808 0.6228480455132721 0.7192792004331747 [0.0032293  0.31408847 0.60091293 1.        ]
1.0030062889114773 1.0 0.58509119705006 [0.36389269 0.4199092  0.29548148 0.        ]
0.5522381082502286 0.9546527629638797 0.6163211172451485 [0.28999213 0.40137833 0.34468313 0.        ]
0.4359435722500935 0.9253542685714686 0.64545150845586 [0.21826816 0.39528599 0.40290057 0.        ]
0.40208862708801457 0.8977870486402648 0.6828869337482948 [0.14916267 0.41458251 0.46306659 0.        ]
0.3621165512630499 0.8829112442318712 0.7028691810152896 [0.12116771 0.43890533 0.49687086 0.        ]
0.38277903786431383 0.8613674243714595 0.7363229808255687 [0.05248067 0.42627495 0.55867034 0.        ]
0.9708830193533765 0.6051917661109488 0.9323767314985847 [0.00333    0.41721671 0.59939952 1.        ]
1.00353042553687 1.0 0.6064510561475379 [0.35502652 0.4158085  0.29370268 0.        ]
0.5503544582687264 0.9566806155953843 0.6260022609853843 [0.28491577 0.40705143 0.34384321 0.        ]
0.38420785283007025 0.9540108962164232 0.6402808490764961 [0.29501155 0.41890725 0.37542002 0.        ]
0.34542153794555464 0.9360198681721869 0.649788252713209 [0.23706507 0.43778942 0.42273787 0.        ]
0.31523202481724505 0.9224222617639161 0.6725210865435907 [0.23645073 0.4808695  0.46007022 0.        ]
0.32865821439092274 0.9023021240236491 0.6810862222838903 [0.17878174 0.49667457 0.5127608  0.        ]
0.33637403239402125 0.9000857658236496 0.6837985942986666 [0.12731312 0.48503207 0.55396573 0.        ]
0.33090642995457675 0.8967935053203364 0.680078683306647 [0.08440986 0.46607728 0.56784026 0.        ]
0.3344785259488333 0.9038724668712619 0.6745427404704978 [0.04309727 0.44291018 0.58337235 0.        ]
0.9899288785722982 0.6151938950538256 0.9370059838288166 [0.00377852 0.41600723 0.59842113 1.        ]
1.0049702718153821 1.0 0.49192856004415975 [0.35310783 0.3575491  0.30188476 0.        ]
0.5596352389082786 0.9502016307989108 0.5391654906260681 [0.2910253  0.30776309 0.36177318 0.        ]
0.43551697590997845 0.925112925569314 0.5985804463480945 [0.22159892 0.29234812 0.40979191 0.        ]
0.3858332380824811 0.9049159468697133 0.6520468112712088 [0.16663918 0.29243804 0.45881193 0.        ]
0.39201013629543296 0.878742833194503 0.7183718060176476 [0.09544529 0.29490684 0.52422543 0.        ]
0.4056306295094409 0.8528377198434407 0.7862669235907649 [0.03598067 0.27990389 0.58713966 0.        ]
0.3761596669150905 0.8659471461703929 0.8088465111062145 [0.01077358 0.27044495 0.60362908 0.        ]
0.9767358903364736 0.6110430549000314 0.9099937273236544 [0.0016504  0.26680811 0.60211694 1.        ]
1.0048631449526755 1.0 0.6288634789243334 [0.34325754 0.40762628 0.29542267 0.        ]
0.5452824851248517 0.9620536266120925 0.6624721006602122 [0.28533574 0.39661205 0.34320824 0.        ]
0.425413553312294 0.9345536456014296 0.6922811418873126 [0.22122153 0.39707011 0.3984752  0.        ]
0.39430848004433317 0.9059599846651356 0.7326828057300828 [0.15706981 0.39809444 0.46444625 0.        ]
0.3659672828499086 0.887168624465393 0.7467815725876753 [0.1224325  0.3972716  0.51187404 0.        ]
0.3774391612506087 0.8657829337844691 0.7626483601211518 [0.06649239 0.38675674 0.56929722 0.        ]
0.38110281007310937 0.8712612991318596 0.765698139254962 [0.0147065  0.35035471 0.59745508 0.        ]
0.9768590048230685 0.6114229082573298 0.93542188343895 [0.00183541 0.34009736 0.6005617  1.        ]
1.0041360209436587 1.0 0.35958537452340167 [0.55054078 0.39560693 0.23848727 0.        ]
0.5498639419619922 0.9562379491382547 0.4008593496814645 [0.53632827 0.33006009 0.29471969 0.        ]
0.405661131214258 0.9423773578115454 0.42806345424339554 [0.496105   0.29715467 0.31800888 0.        ]
0.30171624423040905 0.9451121162529135 0.42906914599474383 [0.50341085 0.29985899 0.30633351 0.        ]
0.24383013712167015 0.9476677326049691 0.4267324858405386 [0.49979766 0.2983828  0.31253067 0.        ]
0.2037021886246881 0.9509417377345539 0.4280101060115438 [0.50091315 0.30716514 0.31243517 0.        ]
0.17715469747517085 0.9806229540292233 0.4286450642710119 [0.50513503 0.2978317  0.30217686 0.        ]
0.19293780685891793 0.9803540423366984 0.3920326554281223 [0.50284603 0.26389795 0.34417747 0.        ]
0.24327132669219084 0.9515309199604803 0.28112405989811284 [0.47235801 0.2127444  0.39788427 0.        ]
0.2797874171018401 0.9247483647413096 0.2469374222485712 [0.46151836 0.17397863 0.4505559  0.        ]
0.3293607540879369 0.8967198851343947 0.15509473368632667 [0.49888965 0.12070007 0.51527719 0.        ]
0.24624486442676582 0.9047417016084236 0.2411083815999048 [0.46457748 0.16071704 0.44734652 0.        ]
0.19089726909774804 0.927345774444568 0.2891982205263004 [0.47539212 0.20660309 0.38750587 0.        ]
0.16150653593913034 0.927728530448694 0.31509970085257777 [0.4893085  0.25504566 0.33575625 0.        ]
0.15686460800619234 0.9030073373554923 0.4314770111220728 [0.50577524 0.30197278 0.29670615 0.        ]
0.1484868928735912 0.8928305697628632 0.43318196185876745 [0.50547112 0.30642809 0.2969924  0.        ]
0.14042568722194576 0.9185892489318744 0.43183242682001466 [0.50654839 0.30877422 0.29811091 0.        ]
0.1286562250680415 0.9485026914649484 0.4303063812995761 [0.50299745 0.3027005  0.3051148  0.        ]
0.1463795232460511 0.9705533629813721 0.42226087748744945 [0.51272564 0.34068768 0.30185408 0.        ]
0.14711363580851128 0.9794444285850912 0.4234616640666168 [0.51591317 0.35138987 0.30493546 0.        ]
0.19855786796920455 0.9575484687618441 0.3714754297245819 [0.57476632 0.39908071 0.29351745 0.        ]
0.27088801235743803 0.9247300305016758 0.27450983007992275 [0.64854323 0.45635755 0.30301445 0.        ]
0.3321259934588507 0.8945966713370743 0.23273277241047502 [0.71545863 0.50069619 0.33032616 0.        ]
0.3638791607426586 0.8809388853898467 0.2033356528310063 [0.75608077 0.52661163 0.34646761 0.        ]
0.3408192197036278 0.888359848683695 0.2466742403463169 [0.72848263 0.53649499 0.29596788 0.        ]
0.30563609269849623 0.9203430680226272 0.2616774364218343 [0.70746765 0.51775652 0.29433818 0.        ]
0.2731034926560841 0.9526222034002194 0.2813981576867524 [0.68163542 0.49958794 0.2954016  0.        ]
0.24530747284002843 0.9567713429774866 0.30631642087763916 [0.6515522  0.48392956 0.29426673 0.        ]
0.2574783491188818 0.9569869034936217 0.27992446481830574 [0.68323031 0.50149706 0.29326546 0.        ]
0.2913641132113908 0.9631992801199438 0.2168457527706248 [0.73941025 0.52373841 0.32817879 0.        ]
0.33847750680702177 0.943406505362152 0.16878181744994736 [0.79022964 0.55173871 0.36366501 0.        ]
0.3828446140792401 0.9166133623988921 0.11598766383174652 [0.83511044 0.57539378 0.40217332 0.        ]
0.41999424041785627 0.8954690979869042 0.05800190254727855 [0.87316282 0.58475927 0.45198008 0.        ]
0.46959688440481967 0.8875413676812668 0.0008132334583925149 [0.91914419 0.60310178 0.50251244 0.        ]
0.3873327936268675 0.9133262575295834 0.06283965116822904 [0.86442457 0.57202329 0.45244255 0.        ]
0.30960641909210485 0.9324732593892476 0.137229822309902 [0.80030347 0.52820949 0.40200607 0.        ]
0.24844854035167094 0.9129093399485144 0.20891124558015506 [0.73229601 0.47403196 0.35621841 0.        ]
0.2174736640649464 0.8737180663568203 0.2841995453434015 [0.66499175 0.41997504 0.31358458 0.        ]
0.20527588938695204 0.8417395624658599 0.34943587278611393 [0.59501798 0.3574376  0.29985941 0.        ]
0.20571901224305153 0.8407990804725349 0.41487223381168165 [0.52174271 0.30871509 0.30236939 0.        ]
0.20759139984269626 0.8583150139237367 0.43026720256134 [0.50566116 0.29812819 0.29828653 0.        ]
0.20036907186442335 0.88989411760542 0.43171474178728586 [0.50788694 0.3087266  0.2949906  0.        ]
0.19669717855214003 0.9258083611819157 0.4320807616566802 [0.50838211 0.30683925 0.29287782 0.        ]
0.19342779401261903 0.9619176991655213 0.43092864801785274 [0.50583636 0.3005319  0.29668147 0.        ]
0.2072906914334088 0.9809806305486524 0.4085669789459987 [0.50139513 0.26581191 0.32218892 0.        ]
0.20744819697907663 0.9754844796775942 0.41509240711362627 [0.48923996 0.26769258 0.33359666 0.        ]
0.20869420229083285 0.9684161030072552 0.40936554144568826 [0.48501781 0.27389325 0.3577014  0.        ]
0.2180964271262877 0.961446770174156 0.3964814926248401 [0.48101845 0.27566014 0.38841443 0.        ]
0.23766101360489467 0.9538474314384442 0.36964636620107666 [0.4764715  0.26793254 0.42720318 0.        ]
0.20648084204098757 0.9632195659426473 0.4021892983405132 [0.48176915 0.28176488 0.38358808 0.        ]
0.17173126516870557 0.9681637121330943 0.4180409617407431 [0.48828135 0.28324156 0.34708268 0.        ]
0.159564592850468 0.9649731993280409 0.4246192705984715 [0.49632119 0.29648584 0.32338248 0.        ]
0.15656001233263106 0.9559024588967796 0.4314903223965031 [0.50169848 0.30249412 0.30512932 0.        ]
0.15765437852553252 0.9529467704768391 0.4282724787941595 [0.50340736 0.29542388 0.3044131  0.        ]
0.1576901991666071 0.9673089729857208 0.4320933389271099 [0.50560237 0.30271442 0.29628917 0.        ]
0.15613700342549683 0.9807285360496418 0.43148627433321407 [0.50173398 0.30382414 0.30605827 0.        ]
0.1556408392175976 0.9904731351904809 0.42964997401285526 [0.50546417 0.30343106 0.30194367 0.        ]
0.1553452128443008 0.995335542826424 0.42907183008608873 [0.50540487 0.303378   0.30326492 0.        ]
0.1700010214564674 0.9822933168606257 0.4157755866300167 [0.49035674 0.27137466 0.33398005 0.        ]
0.1783064504038507 0.9705491551474227 0.4030203438417399 [0.4857183  0.26591259 0.3611192  0.        ]
0.18587359323724914 0.962280985764261 0.3910961306061983 [0.48390872 0.26676016 0.38565533 0.        ]
0.2032857406689002 0.9528487358326374 0.3707378856484569 [0.4789454  0.26466259 0.41917292 0.        ]
0.1755391981668879 0.958676269433545 0.40129715440247815 [0.48222271 0.28552313 0.38676514 0.        ]
0.1562455784276142 0.9688683749693836 0.4108232995740183 [0.49420792 0.30644885 0.35974658 0.        ]
0.16479286896502868 0.971293441909902 0.4133739588472216 [0.48656058 0.26903553 0.34644984 0.        ]
0.14943940494373764 0.9636643245780379 0.4236123864424771 [0.49791254 0.29038814 0.31818148 0.        ]
0.14634230486513142 0.9553825953018413 0.4291176244540633 [0.50820054 0.30307502 0.29754847 0.        ]
0.1475914638058682 0.9644800334264306 0.4285516028736201 [0.50398452 0.29534177 0.30258107 0.        ]
0.1471109846422803 0.9722294848292464 0.43097529745433694 [0.50318795 0.2980554  0.30141089 0.        ]
0.1464147576331121 0.9778890994537214 0.42958027910112184 [0.50701689 0.30047085 0.29707547 0.        ]
0.14731831736328146 0.990678215888676 0.42618980759514313 [0.50204643 0.28996472 0.30743736 0.        ]
0.15727848787926849 0.9834879976147993 0.4148118251390708 [0.493141   0.26597685 0.32567976 0.        ]
0.2131911626170126 0.9532429683352843 0.2870957995146116 [0.47790888 0.20549463 0.38662947 0.        ]
0.27033107506432286 0.9226704612681083 0.24258996225407217 [0.46436103 0.15857039 0.44385046 0.        ]
0.31897765980621745 0.897524774980935 0.19098328328888706 [0.46583904 0.12404032 0.50476968 0.        ]
0.2546215470044557 0.9066147672245699 0.2423707805204427 [0.46339648 0.15604024 0.44393712 0.        ]
0.19329122070565188 0.9267494499381169 0.28248656885756745 [0.47655476 0.19757637 0.38971364 0.        ]
0.14423998068478047 0.9346347244793138 0.3112366063303405 [0.49092178 0.24615135 0.34779411 0.        ]
0.12570275806044262 0.90913675555472 0.4267502081232484 [0.50661692 0.29386668 0.29895907 0.        ]
0.11828006401193863 0.8991706819719129 0.4310182492750526 [0.50121433 0.30146052 0.30635528 0.        ]
0.1285112965515455 0.9162153399789047 0.4245366141329428 [0.51171195 0.33026235 0.29509636 0.        ]
0.13742895518149498 0.9350873923203074 0.42073063013023826 [0.52134839 0.35843002 0.30214168 0.        ]
0.15708125901616501 0.9474463379194326 0.41336521579302754 [0.5342637  0.39322204 0.29734232 0.        ]
0.16891500032642487 0.9525274772875045 0.4440881934251847 [0.51094895 0.42002989 0.2966007  0.        ]
0.20828307618450215 0.9407977716782595 0.4482357136230454 [0.49428617 0.47494124 0.29340682 0.        ]
0.2393321815481577 0.9311766949470237 0.46293336784095707 [0.46974088 0.51719595 0.3302418  0.        ]
0.25893443382085823 0.9267024993865586 0.5068738974070279 [0.43659069 0.53393251 0.29274882 0.        ]
0.2731294738501225 0.920006245379836 0.5810408340187093 [0.36533752 0.52542668 0.34396408 0.        ]
0.3019216649082084 0.9157383692140304 0.6349964519002596 [0.31293502 0.53160482 0.313128   0.        ]
0.33438974415482015 0.9146656668655997 0.6628541272601738 [0.29003071 0.56407231 0.35897518 0.        ]
0.36068462822973013 0.9189931252123748 0.6582682892900816 [0.28526197 0.60341513 0.35930566 0.        ]
0.39974119710623013 0.9172697962853235 0.6619752172328538 [0.23449431 0.61482231 0.41027194 0.        ]
0.44325034909354516 0.9166738886728166 0.6531145788800137 [0.17856091 0.62502392 0.44592144 0.        ]
0.49232131582751504 0.9036911501629489 0.6404325284492276 [0.13389275 0.6476414  0.49283806 0.        ]
0.4869083840925589 0.9048777194353277 0.6431019958492085 [0.09547859 0.60798541 0.49041752 0.        ]
0.5120818751769354 0.901479722045818 0.6339183698625397 [0.04702074 0.58954928 0.51174722 0.        ]
1.1398553407102099 0.616781897518498 0.8495242164932661 [0.0041525  0.57236486 0.51278768 1.        ]
