0 exploration 100 model selected_goal competence
1 exploration 100 model selected_goal competence
2 exploration_path 8 None [0.0014544  0.4161373  0.60213317 1.        ] None
3 exploration_path 10 None [0.41804231 0.003932   0.58570356 1.        ] 0.2
4 exploration_path 12 None [0.0014544  0.4161373  0.60213317 1.        ] 0.2
5 exploration_path 12 None [0.41804231 0.003932   0.58570356 1.        ] 0.3
6 exploration_path 9 None [0.0014544  0.4161373  0.60213317 1.        ] 0.3
7 exploration_path 12 None [0.41804231 0.003932   0.58570356 1.        ] 0.4
8 exploration_path 14 None [0.0014544  0.4161373  0.60213317 1.        ] 0.4
9 exploration_path 8 None [0.41804231 0.003932   0.58570356 1.        ] 0.5
10 exploration_path 48 None [0.0014544  0.4161373  0.60213317 1.        ] 0.5
11 exploration_path 9 None [0.41804231 0.003932   0.58570356 1.        ] 0.6
12 exploration_path 9 None [0.0014544  0.4161373  0.60213317 1.        ] 0.6
13 exploration_path 25 None [0.41804231 0.003932   0.58570356 1.        ] 0.7
14 exploration_path 8 None [0.0014544  0.4161373  0.60213317 1.        ] 0.7
15 exploration_path 21 None [0.41804231 0.003932   0.58570356 1.        ] 0.8
16 improvement 100 1 [0.0014544  0.4161373  0.60213317 1.        ] 0.8
17 improvement 100 2 [0.41804231 0.003932   0.58570356 1.        ] 0.8
18 exploration_path 9 1 [0.0014544  0.4161373  0.60213317 1.        ] 0.8
19 exploration_path 72 2 [0.41804231 0.003932   0.58570356 1.        ] 0.9
20 improvement 100 2 [0.41804231 0.003932   0.58570356 1.        ] 0.9
21 improvement 11 1 [0.0014544  0.4161373  0.60213317 1.        ] 0.7000000000000001
22 improvement 6 1 [0.0014544  0.4161373  0.60213317 1.        ] 0.7000000000000001
23 exploration_path 11 2 [0.41804231 0.003932   0.58570356 1.        ] 0.7000000000000001
24 exploration_path 8 2 [0.41804231 0.003932   0.58570356 1.        ] 0.6000000000000001
25 exploration_path 11 2 [0.41804231 0.003932   0.58570356 1.        ] 0.5
26 exploration_path 23 2 [0.41804231 0.003932   0.58570356 1.        ] 0.4
27 exploration_path 12 2 [0.41804231 0.003932   0.58570356 1.        ] 0.30000000000000004
28 exploration_path 9 2 [0.41804231 0.003932   0.58570356 1.        ] 0.20000000000000007
29 improvement 6 1 [0.0014544  0.4161373  0.60213317 1.        ] 0.10000000000000009
30 improvement 8 0 [0.41804231 0.003932   0.58570356 1.        ] 0.10000000000000009
31 improvement 11 0 [0.41804231 0.003932   0.58570356 1.        ] 0.10000000000000009
32 improvement 11 0 [0.41804231 0.003932   0.58570356 1.        ] 0.10000000000000009
33 improvement 100 1 [0.0014544  0.4161373  0.60213317 1.        ] 0.10000000000000009
34 improvement 8 0 [0.41804231 0.003932   0.58570356 1.        ] 0.7000000000000001
35 improvement 12 0 [0.41804231 0.003932   0.58570356 1.        ] 0.7000000000000001
36 improvement 8 0 [0.41804231 0.003932   0.58570356 1.        ] 0.7000000000000001
37 exploration_path 8 1 [0.0014544  0.4161373  0.60213317 1.        ] 0.7000000000000001
38 exploration_path 10 1 [0.0014544  0.4161373  0.60213317 1.        ] 0.6000000000000001
39 improvement 12 0 [0.41804231 0.003932   0.58570356 1.        ] 0.5
40 exploration_path 7 1 [0.0014544  0.4161373  0.60213317 1.        ] 0.5
41 exploration_path 10 1 [0.0014544  0.4161373  0.60213317 1.        ] 0.4
42 improvement 8 0 [0.41804231 0.003932   0.58570356 1.        ] 0.30000000000000004
43 improvement 9 0 [0.41804231 0.003932   0.58570356 1.        ] 0.30000000000000004
44 exploration_path 8 1 [0.0014544  0.4161373  0.60213317 1.        ] 0.30000000000000004
45 improvement 15 0 [0.41804231 0.003932   0.58570356 1.        ] 0.20000000000000007
46 exploration_path 8 1 [0.0014544  0.4161373  0.60213317 1.        ] 0.20000000000000007
47 improvement 9 1 [0.0014544  0.4161373  0.60213317 1.        ] 0.10000000000000009
48 improvement 11 1 [0.0014544  0.4161373  0.60213317 1.        ] 0.10000000000000009
49 improvement 9 1 [0.0014544  0.4161373  0.60213317 1.        ] 0.10000000000000009
50 improvement 100 1 [0.0014544  0.4161373  0.60213317 1.        ] 0.10000000000000009
51 improvement 8 0 [0.41804231 0.003932   0.58570356 1.        ] -0.10000000000000009
52 improvement 11 0 [0.41804231 0.003932   0.58570356 1.        ] -0.10000000000000009
53 exploration_path 97 1 [0.0014544  0.4161373  0.60213317 1.        ] -0.10000000000000009
54 improvement 11 0 [0.41804231 0.003932   0.58570356 1.        ] 0.0
55 improvement 16 0 [0.0014544  0.4161373  0.60213317 1.        ] 0.0
56 improvement 14 0 [0.0014544  0.4161373  0.60213317 1.        ] 0.0
57 improvement 14 0 [0.0014544  0.4161373  0.60213317 1.        ] 0.0
58 improvement 14 0 [0.0014544  0.4161373  0.60213317 1.        ] 0.0
59 improvement 15 0 [0.0014544  0.4161373  0.60213317 1.        ] 0.0
60 improvement 17 0 [0.0014544  0.4161373  0.60213317 1.        ] 0.0
61 improvement 14 0 [0.0014544  0.4161373  0.60213317 1.        ] 0.0
62 improvement 9 0 [0.41804231 0.003932   0.58570356 1.        ] 0.0
63 improvement 9 0 [0.41804231 0.003932   0.58570356 1.        ] 0.0
64 improvement 15 0 [0.0014544  0.4161373  0.60213317 1.        ] 0.0
65 improvement 16 0 [0.0014544  0.4161373  0.60213317 1.        ] 0.0
66 improvement 15 0 [0.0014544  0.4161373  0.60213317 1.        ] 0.0
67 improvement 16 0 [0.0014544  0.4161373  0.60213317 1.        ] 0.0
68 improvement 12 0 [0.41804231 0.003932   0.58570356 1.        ] 0.0
69 improvement 15 0 [0.0014544  0.4161373  0.60213317 1.        ] 0.0
70 improvement 24 0 [0.0014544  0.4161373  0.60213317 1.        ] 0.0
71 improvement 15 0 [0.0014544  0.4161373  0.60213317 1.        ] 0.0
72 improvement 15 0 [0.0014544  0.4161373  0.60213317 1.        ] 0.0
73 improvement 8 0 [0.41804231 0.003932   0.58570356 1.        ] 0.0
74 improvement 14 0 [0.0014544  0.4161373  0.60213317 1.        ] 0.0
75 improvement 14 0 [0.0014544  0.4161373  0.60213317 1.        ] 0.0
76 improvement 9 0 [0.41804231 0.003932   0.58570356 1.        ] 0.0
77 improvement 15 0 [0.41804231 0.003932   0.58570356 1.        ] 0.0
78 improvement 12 0 [0.41804231 0.003932   0.58570356 1.        ] 0.0
79 improvement 15 0 [0.0014544  0.4161373  0.60213317 1.        ] 0.0
80 improvement 21 0 [0.0014544  0.4161373  0.60213317 1.        ] 0.0
81 improvement 11 0 [0.41804231 0.003932   0.58570356 1.        ] 0.0
82 improvement 16 0 [0.0014544  0.4161373  0.60213317 1.        ] 0.0
83 improvement 14 0 [0.0014544  0.4161373  0.60213317 1.        ] 0.0
84 improvement 8 0 [0.41804231 0.003932   0.58570356 1.        ] 0.0
85 improvement 17 0 [0.0014544  0.4161373  0.60213317 1.        ] 0.0
86 improvement 13 0 [0.41804231 0.003932   0.58570356 1.        ] 0.0
87 improvement 22 0 [0.0014544  0.4161373  0.60213317 1.        ] 0.0
88 improvement 10 0 [0.41804231 0.003932   0.58570356 1.        ] 0.0
89 improvement 19 0 [0.0014544  0.4161373  0.60213317 1.        ] 0.0
90 improvement 14 0 [0.41804231 0.003932   0.58570356 1.        ] 0.0
91 improvement 15 0 [0.0014544  0.4161373  0.60213317 1.        ] 0.0
92 improvement 20 0 [0.41804231 0.003932   0.58570356 1.        ] 0.0
93 improvement 15 0 [0.0014544  0.4161373  0.60213317 1.        ] 0.0
94 improvement 16 0 [0.0014544  0.4161373  0.60213317 1.        ] 0.0
