0 17 [ 760.476  242.05  -757.078]
1 8 [ 760.476  242.05  -757.078]
2 18 [ 676.898  192.303 -757.078]
3 8 [ 627.341  283.309 -757.078]
4 9 [ 514.496  426.146 -660.   ]
5 6 [ 514.496  426.146 -660.   ]
6 10 [ 731.565  310.941 -757.078]
7 9 [ 539.745  206.497 -757.078]
8 8 [ 760.476  242.05  -757.078]
9 7 [ 514.496  426.146 -660.   ]
10 6 [ 514.496  426.146 -660.   ]
11 17 [ 760.476  242.05  -757.078]
12 8 [ 760.476  242.05  -757.078]
13 18 [ 676.898  192.303 -757.078]
14 8 [ 627.341  283.309 -757.078]
15 9 [ 514.496  426.146 -660.   ]
16 6 [ 514.496  426.146 -660.   ]
17 10 [ 731.565  310.941 -757.078]
18 9 [ 539.745  206.497 -757.078]
19 8 [ 760.476  242.05  -757.078]
20 7 [ 514.496  426.146 -660.   ]
21 6 [ 514.496  426.146 -660.   ]
22 17 [ 760.476  242.05  -757.078]
23 8 [ 760.476  242.05  -757.078]
24 18 [ 676.898  192.303 -757.078]
25 8 [ 627.341  283.309 -757.078]
26 9 [ 514.496  426.146 -660.   ]
27 6 [ 514.496  426.146 -660.   ]
28 10 [ 731.565  310.941 -757.078]
29 9 [ 539.745  206.497 -757.078]
30 8 [ 760.476  242.05  -757.078]
31 7 [ 514.496  426.146 -660.   ]
32 6 [ 514.496  426.146 -660.   ]
33 17 [ 760.476  242.05  -757.078]
34 8 [ 760.476  242.05  -757.078]
35 18 [ 676.898  192.303 -757.078]
36 8 [ 627.341  283.309 -757.078]
37 9 [ 514.496  426.146 -660.   ]
38 6 [ 514.496  426.146 -660.   ]
39 10 [ 731.565  310.941 -757.078]
40 9 [ 539.745  206.497 -757.078]
41 8 [ 760.476  242.05  -757.078]
42 7 [ 514.496  426.146 -660.   ]
43 6 [ 514.496  426.146 -660.   ]
44 17 [ 760.476  242.05  -757.078]
45 8 [ 760.476  242.05  -757.078]
46 18 [ 676.898  192.303 -757.078]
47 8 [ 627.341  283.309 -757.078]
48 9 [ 514.496  426.146 -660.   ]
49 6 [ 514.496  426.146 -660.   ]
50 6 [ 514.496  426.146 -660.   ]
51 14 [ 791.613 -189.437 -660.   ]
52 100 [ 791.613 -189.437 -660.   ]
53 8 [ 676.898  192.303 -757.078]
54 100 [ 791.613 -189.437 -660.   ]
55 100 [ 791.613 -189.437 -660.   ]
56 13 [ 627.341  283.309 -757.078]
57 6 [ 514.496  426.146 -660.   ]
58 14 [ 791.613 -189.437 -660.   ]
59 100 [ 791.613 -189.437 -660.   ]
60 8 [ 676.898  192.303 -757.078]
61 100 [ 791.613 -189.437 -660.   ]
62 100 [ 791.613 -189.437 -660.   ]
63 13 [ 627.341  283.309 -757.078]
64 6 [ 514.496  426.146 -660.   ]
65 14 [ 791.613 -189.437 -660.   ]
66 100 [ 791.613 -189.437 -660.   ]
67 8 [ 676.898  192.303 -757.078]
68 100 [ 791.613 -189.437 -660.   ]
69 100 [ 791.613 -189.437 -660.   ]
70 13 [ 627.341  283.309 -757.078]
71 6 [ 514.496  426.146 -660.   ]
72 14 [ 791.613 -189.437 -660.   ]
73 100 [ 791.613 -189.437 -660.   ]
74 8 [ 676.898  192.303 -757.078]
75 100 [ 791.613 -189.437 -660.   ]
76 100 [ 791.613 -189.437 -660.   ]
77 13 [ 627.341  283.309 -757.078]
78 6 [ 514.496  426.146 -660.   ]
79 14 [ 791.613 -189.437 -660.   ]
80 100 [ 791.613 -189.437 -660.   ]
81 8 [ 676.898  192.303 -757.078]
82 100 [ 791.613 -189.437 -660.   ]
83 100 [ 791.613 -189.437 -660.   ]
84 13 [ 627.341  283.309 -757.078]
85 6 [ 514.496  426.146 -660.   ]
86 14 [ 791.613 -189.437 -660.   ]
87 100 [ 791.613 -189.437 -660.   ]
88 8 [ 676.898  192.303 -757.078]
89 100 [ 791.613 -189.437 -660.   ]
90 100 [ 791.613 -189.437 -660.   ]