[0.15589678] [0.48833441 0.4960195  0.20648722 0.        ]
[0.1496477] [0.53422586 0.51918811 0.17318424 0.        ]
[0.14335607] [0.58382707 0.521994   0.18102003 0.        ]
[0.1378566] [0.63269057 0.53029284 0.20855078 0.        ]
[0.1339783] [0.68465858 0.54543364 0.25235789 0.        ]
[0.13215853] [0.74266518 0.57090898 0.30577286 0.        ]
[0.13071904] [0.79958773 0.59882286 0.36236803 0.        ]
[0.12452368] [0.8343328  0.62859843 0.37138275 0.        ]
[0.12085994] [0.88074128 0.67093207 0.39907412 0.        ]
[0.11537594] [0.91876732 0.70143141 0.42713814 0.        ]
[0.11034486] [0.96037642 0.7428162  0.45399849 0.        ]
[0.10333641] [0.99125807 0.76671533 0.48240201 0.        ]
[0.09180826] [0.99265333 0.76952398 0.48211808 0.        ]
[0.08042958] [0.98829904 0.76587544 0.47752556 0.        ]
[0.07041871] [0.98615162 0.76277896 0.47556542 0.        ]
[0.06239818] [0.99354518 0.7708327  0.48242091 0.        ]
[0.05419884] [0.9910558  0.77153308 0.47682445 0.        ]
[0.04717617] [0.99092033 0.76874722 0.48011496 0.        ]
[0.04050931] [0.98284536 0.75656104 0.47696956 0.        ]
[0.03558195] [0.99338679 0.77434806 0.47879717 0.        ]
[0.03072318] [0.99180472 0.77199322 0.47788711 0.        ]
[0.02635754] [0.98609775 0.77084307 0.46705764 0.        ]
[0.02283512] [0.98722401 0.76657605 0.47650493 0.        ]
[0.01981634] [0.99148292 0.76840635 0.48147842 0.        ]
[0.01701297] [0.98716821 0.77000934 0.47088479 0.        ]
[0.01465795] [0.98559603 0.77270879 0.46423297 0.        ]
[0.0126032] [0.9841887  0.77132305 0.46287564 0.        ]
[0.0108918] [0.99215923 0.77080476 0.48022069 0.        ]
[0.00928707] [0.98568203 0.76451191 0.47521325 0.        ]
[0.00801512] [0.98996461 0.76974714 0.47716048 0.        ]
[0.00695144] [0.91485332 0.7027492  0.40551704 0.        ]
[0.00709832] [0.84345779 0.64256333 0.33912807 0.        ]
[0.00786476] [0.79406574 0.62813362 0.26694083 0.        ]
[0.00926419] [0.73021847 0.58435125 0.20529074 0.        ]
[0.01113638] [0.67814783 0.56911159 0.13722509 0.        ]
[0.01344308] [0.64558608 0.58713501 0.06346977 0.        ]
[0.01564446] [0.60278661 0.58454866 0.00262012 0.        ]
[0.0135382] [0.59431525 0.57735956 0.00748183 0.        ]
[0.01175547] [0.59796252 0.57899739 0.00360301 0.        ]
[0.00990846] [0.59789398 0.57737193 0.00494342 0.        ]
[0.00830807] [0.59657134 0.58038791 0.00625371 0.        ]
[0.00704096] [0.59853499 0.58014154 0.00297579 0.        ]
[0.00574503] [0.59840225 0.58559183 0.00923545 0.        ]
[0.00486759] [0.59872859 0.57664482 0.00629513 0.        ]
[0.00414699] [0.60242965 0.58521062 0.00528722 0.        ]
[0.00353369] [0.53798672 0.50967225 0.07549295 0.        ]
[0.00426833] [0.50794803 0.4708252  0.13247114 0.        ]
[0.00609906] [0.48369579 0.43514943 0.1982629  0.        ]
[0.00854658] [0.46628579 0.40806168 0.26260452 0.        ]
[0.01367851] [0.43299585 0.34134432 0.3405884  0.        ]
[0.01854385] [0.41339069 0.28788665 0.40851282 0.        ]
[0.02360522] [0.38979371 0.24124914 0.47494397 0.        ]
[0.02759077] [0.39964563 0.21344784 0.54536488 0.        ]
[0.03047057] [0.39329688 0.19964772 0.60743977 0.        ]
[0.03153412] [0.3753811  0.19999542 0.65631991 0.        ]
[0.03196126] [0.39007083 0.23280144 0.71813093 0.        ]
[0.03081792] [0.39066697 0.24682801 0.75486517 0.        ]
[0.02630892] [0.38316833 0.24349793 0.74954441 0.        ]
[0.02233496] [0.3894531  0.24737148 0.75003905 0.        ]
[0.01890713] [0.38726767 0.24748259 0.75064417 0.        ]
[0.01597574] [0.40046079 0.2438123  0.75374872 0.        ]
[0.01326002] [0.39874597 0.2429124  0.75293601 0.        ]
[0.01073727] [0.40240404 0.23311835 0.74584466 0.        ]
[0.0090452] [0.39860334 0.24835549 0.75517974 0.        ]
[0.00719199] [0.3899109  0.24295513 0.74821763 0.        ]
[0.00589261] [0.40021514 0.23855534 0.74907556 0.        ]
[0.00476935] [0.39757603 0.24191581 0.74956299 0.        ]
[0.00394863] [0.40033694 0.24395665 0.75528665 0.        ]
[0.0032234] [0.39868423 0.19692965 0.71972447 0.        ]
[0.0034485] [0.40586419 0.14901801 0.68262289 0.        ]
[0.00458691] [0.38037786 0.08680047 0.63460249 0.        ]
[0.00614841] [0.39088506 0.03851494 0.60047051 0.        ]
[0.00742805] [0.4195513  0.00674587 0.5784936  0.        ]
[0.00672223] [0.42171398 0.00564501 0.58295813 0.        ]
[0.00587651] [0.41590084 0.01225901 0.5714966  0.        ]
[0.00514327] [0.42057755 0.01546105 0.56954268 0.        ]
[0.00461972] [0.45753873 0.08624845 0.52452709 0.        ]
[0.00524124] [0.43808661 0.14413294 0.44728999 0.        ]
[0.00650418] [0.4118273  0.20178091 0.38203403 0.        ]
[0.00799158] [0.38319058 0.2557031  0.3344557  0.        ]
[0.01039369] [0.37756197 0.31873111 0.28267197 0.        ]
[0.01336129] [0.38149534 0.3874539  0.23859702 0.        ]
[0.01627604] [0.40227349 0.44945487 0.20588192 0.        ]
[0.01935891] [0.43564844 0.51797838 0.18792508 0.        ]
[0.02388786] [0.50476801 0.58582856 0.15241732 0.        ]
[0.02470875] [0.54821687 0.59858735 0.10900836 0.        ]
[0.02519463] [0.58446166 0.61617331 0.07478285 0.        ]
[0.02512566] [0.6262886  0.6340397  0.05700997 0.        ]
[0.02377913] [0.66531641 0.66604679 0.09009035 0.        ]
[0.02187506] [0.71085224 0.67713467 0.11383692 0.        ]
[0.02040529] [0.74872759 0.71357586 0.16420352 0.        ]
[0.01999057] [0.80097397 0.75338251 0.21429981 0.        ]
[0.01868851] [0.84252091 0.77909776 0.25673785 0.        ]
[0.01768305] [0.88164867 0.81283346 0.3002174  0.        ]
[0.01615654] [0.91427926 0.8376604  0.33686367 0.        ]
[0.01288356] [0.91466845 0.8418072  0.33597665 0.        ]
[0.00995275] [0.91512474 0.83885594 0.33861743 0.        ]
[0.00760577] [0.91430702 0.83746738 0.3345394  0.        ]
[0.00597886] [0.91630824 0.84122969 0.33653399 0.        ]
[0.01415754] [0.34024171 0.42098568 0.29344654 0.        ]
[0.01944471] [0.26558876 0.40609857 0.35072441 0.        ]
[0.02499327] [0.1948935  0.42131163 0.41430143 0.        ]
[0.03047615] [0.12910312 0.42292701 0.47967284 0.        ]
[0.03571945] [0.0632107  0.42088277 0.5441178  0.        ]
[0.03943378] [0.00790702 0.42344302 0.60186286 0.        ]
[0.11656486] [0.00291844 0.41555233 0.599081   1.        ]
[0.03173894] [0.00804067 0.41906314 0.60135954 0.        ]
[0.10050497] [0.00363028 0.4138916  0.60283083 1.        ]
[0.02448307] [0.00517107 0.41392966 0.5983435  0.        ]
[0.02126111] [0.00508033 0.42109    0.60261939 0.        ]
[0.07454125] [0.00419351 0.4143598  0.60370196 1.        ]
[0.01542561] [0.00704811 0.41187298 0.59654761 0.        ]
[0.01322288] [0.00729255 0.41349063 0.59793749 0.        ]
[0.01126819] [0.00956043 0.40840476 0.6024064  0.        ]
[0.04800368] [0.00488156 0.41809088 0.59880786 1.        ]
[0.00847335] [0.00956059 0.40902058 0.59703738 0.        ]
[0.03795263] [0.0038199  0.41917234 0.60459196 1.        ]
[0.00712478] [0.00586216 0.42153424 0.60232491 0.        ]
[0.00693121] [0.06644696 0.35596141 0.55686663 0.        ]
[0.0082435] [0.13788106 0.30120559 0.50878497 0.        ]
[0.01089989] [0.20713156 0.2383998  0.48207918 0.        ]
[0.01434066] [0.27223012 0.17264297 0.47783613 0.        ]
[0.01895584] [0.34829473 0.10411053 0.49539287 0.        ]
[0.02252828] [0.42034494 0.06494272 0.53066652 0.        ]
[0.02301614] [0.45954664 0.05547067 0.56557078 0.        ]
[0.021859] [0.51178364 0.10636575 0.57317779 0.        ]
[0.01971801] [0.52060743 0.11294643 0.57944005 0.        ]
[0.01706969] [0.51447328 0.106881   0.57797073 0.        ]
[0.01461519] [0.5174123  0.1125796  0.57144639 0.        ]
[0.01228469] [0.5191197  0.11349853 0.57357215 0.        ]
[0.01002824] [0.51509444 0.10848494 0.57612797 0.        ]
[0.00822039] [0.52130492 0.11434949 0.57788066 0.        ]
[0.00648067] [0.515533   0.10835439 0.57671717 0.        ]
[0.00518375] [0.51857633 0.11511816 0.56856854 0.        ]
[0.00406429] [0.51378513 0.11689105 0.55550628 0.        ]
[0.00327223] [0.51796306 0.1131136  0.57180499 0.        ]
[0.00269598] [0.52068035 0.11635262 0.57093807 0.        ]
[0.0022445] [0.51756277 0.11091313 0.57642819 0.        ]
[0.00194743] [0.5153778  0.10929469 0.57401539 0.        ]
[0.00178212] [0.51880086 0.11425249 0.57106366 0.        ]
[0.00168822] [0.51793819 0.10972752 0.58017612 0.        ]
[0.00168663] [0.44210343 0.0600985  0.54188174 0.        ]
[0.00235408] [0.36777784 0.09752376 0.50989247 0.        ]
[0.00365279] [0.2957647  0.17409869 0.48887622 0.        ]
[0.0055952] [0.22987847 0.24374261 0.49152725 0.        ]
[0.0077987] [0.17034441 0.29868973 0.51796781 0.        ]
[0.01083031] [0.10194865 0.33531769 0.56888385 0.        ]
[0.01303837] [0.06262048 0.39822659 0.58647439 0.        ]
[0.01401671] [0.01469763 0.40752491 0.60180159 0.        ]
[0.03108558] [0.00234976 0.41546099 0.59998767 1.        ]
[0.02866113] [0.00448926 0.41562677 0.60331264 1.        ]
[0.00996043] [0.01774934 0.43198895 0.60446177 0.        ]
[0.00838717] [0.00672173 0.4214242  0.60106052 0.        ]
[0.02000276] [0.00359611 0.4165694  0.60381823 1.        ]
[0.00572886] [0.01368099 0.42857885 0.60373415 0.        ]
[0.00451568] [0.01529964 0.42710675 0.59774528 0.        ]
[0.01325694] [0.00369022 0.41756825 0.59956297 1.        ]
[0.0030135] [0.01151679 0.42584331 0.6003376  0.        ]
[0.01009775] [0.00306345 0.41800943 0.6036071  1.        ]
[0.00865525] [0.0033701  0.41617975 0.6021468  1.        ]
[0.00722876] [0.00487282 0.42022678 0.60052106 1.        ]
[0.00193486] [0.00656078 0.42075823 0.60059725 0.        ]
[0.00191088] [0.00509941 0.4127336  0.59970417 0.        ]
[0.00197086] [0.08039762 0.35788415 0.5410559  0.        ]
[0.00290137] [0.15704965 0.32873236 0.47819794 0.        ]
[0.00430467] [0.23474746 0.30734108 0.42552133 0.        ]
[0.00583183] [0.30603002 0.3184583  0.372035   0.        ]
[0.0073268] [0.3584021  0.36282175 0.30730917 0.        ]
[0.00882441] [0.41192476 0.4296236  0.23559591 0.        ]
[0.01046704] [0.46742792 0.50019968 0.16879608 0.        ]
[0.01207983] [0.5251617  0.55722247 0.11800358 0.        ]
[0.01341294] [0.55866426 0.55702517 0.06698314 0.        ]
[0.01444708] [0.59781443 0.57899195 0.0208955  0.        ]
[0.01313431] [0.60534046 0.58816312 0.00723368 0.        ]
[0.01107179] [0.59921149 0.58136421 0.00292826 0.        ]
[0.00904961] [0.60393377 0.58085964 0.00582469 0.        ]
[0.00719329] [0.60851616 0.58607842 0.00779391 0.        ]
[0.00556159] [0.6041357  0.5806595  0.00612898 0.        ]
[0.00416102] [0.6048891  0.57995764 0.00890418 0.        ]
[0.0031038] [0.60377064 0.58294602 0.00688018 0.        ]
[0.00227604] [0.60537701 0.58008006 0.00997848 0.        ]
[0.00182384] [0.67052816 0.65740007 0.07822793 0.        ]
[0.00208666] [0.71325564 0.68734913 0.12117842 0.        ]
[0.00272832] [0.75540164 0.71220042 0.16201416 0.        ]
[0.00372508] [0.7940873  0.74354766 0.21021966 0.        ]
[0.00501749] [0.83709978 0.78175946 0.25354992 0.        ]
[0.00613133] [0.87748907 0.80875025 0.29603044 0.        ]
[0.00703834] [0.91230827 0.83334284 0.33735117 0.        ]
[0.00615077] [0.90876973 0.82908793 0.337603   0.        ]
[0.00550071] [0.91817378 0.84295152 0.33863194 0.        ]
[0.00432762] [0.91223479 0.83686247 0.33384169 0.        ]
[0.00346348] [0.91510504 0.84010398 0.33489476 0.        ]
[0.00263147] [0.91264289 0.83834892 0.3344808  0.        ]
[0.0019551] [0.91337162 0.8368915  0.33380947 0.        ]
[0.00149377] [0.91388282 0.83724674 0.33672682 0.        ]
[0.00116336] [0.91646777 0.84092332 0.33631016 0.        ]
[0.00098382] [0.92112892 0.84641794 0.34140426 0.        ]
[0.00091401] [0.85835082 0.775055   0.28637218 0.        ]
[0.00540998] [0.37782192 0.38730685 0.28757892 0.        ]
[0.00610806] [0.39177599 0.33203565 0.29190967 0.        ]
[0.00658242] [0.37496468 0.26511362 0.35588196 0.        ]
[0.00712488] [0.39399216 0.20315721 0.40743404 0.        ]
[0.00758622] [0.39818331 0.14572607 0.46807318 0.        ]
[0.00786777] [0.41714781 0.0955752  0.5128928  0.        ]
[0.00802695] [0.41708944 0.04425435 0.55694454 0.        ]
[0.01489476] [0.41316206 0.00499478 0.58467672 1.        ]
[0.00653273] [0.41768822 0.01072391 0.57245248 0.        ]
[0.00546047] [0.4147369  0.00594812 0.57632942 0.        ]
[0.00987565] [0.41392589 0.00293335 0.57964112 1.        ]
[0.00800976] [0.41428324 0.00318804 0.58142274 1.        ]
[0.00614153] [0.41607396 0.00230323 0.58159227 1.        ]
[0.00192525] [0.41158655 0.00642212 0.57875276 0.        ]
[0.00142222] [0.42321074 0.00716945 0.58341334 0.        ]
[0.00109027] [0.40821047 0.00971267 0.5843403  0.        ]
[0.00093537] [0.42368087 0.07214989 0.63541998 0.        ]
[0.00119526] [0.42141145 0.1118135  0.66008522 0.        ]
[0.0017873] [0.40753708 0.15313086 0.69017933 0.        ]
[0.00263373] [0.4001287  0.19738725 0.72229407 0.        ]
[0.00344209] [0.3959577  0.24574445 0.74675787 0.        ]
[0.00341475] [0.39107048 0.24412798 0.75121737 0.        ]
[0.0031834] [0.39176701 0.24727089 0.74671556 0.        ]
[0.00289782] [0.38348108 0.24381897 0.7499835  0.        ]
[0.00255972] [0.3947908  0.2500657  0.74739764 0.        ]
[0.0021639] [0.38233344 0.24541664 0.7504311  0.        ]
[0.00175578] [0.39654772 0.24590682 0.74777968 0.        ]
[0.00139675] [0.3872601  0.24802695 0.74398982 0.        ]
[0.0010929] [0.38629372 0.25940869 0.72431715 0.        ]
[0.00088071] [0.3821137  0.27087917 0.69961593 0.        ]
[0.00083008] [0.33566057 0.27956105 0.64562302 0.        ]
[0.00099973] [0.29676885 0.3056423  0.59522309 0.        ]
[0.00126969] [0.28574899 0.32154972 0.51890714 0.        ]
[0.00163408] [0.29272598 0.35583242 0.44623793 0.        ]
[0.0020888] [0.32602046 0.40273341 0.37703609 0.        ]
[0.00259356] [0.36879412 0.45818479 0.3112134  0.        ]
[0.00308354] [0.42571538 0.52359675 0.26015927 0.        ]
[0.00345075] [0.45723441 0.55573725 0.21039167 0.        ]
[0.00386318] [0.49929398 0.55100058 0.15951996 0.        ]
[0.00439117] [0.53341465 0.56458254 0.10770362 0.        ]
[0.00500425] [0.56162014 0.5628256  0.05305848 0.        ]
[0.0055409] [0.59808828 0.57963399 0.00617806 0.        ]
[0.00468406] [0.61123154 0.59213462 0.01089888 0.        ]
[0.00383656] [0.59593268 0.57906037 0.00566691 0.        ]
[0.00308919] [0.60811962 0.58810618 0.00707216 0.        ]
[0.00239584] [0.60454522 0.58120952 0.00597266 0.        ]
[0.00179487] [0.59835882 0.57827183 0.0041035  0.        ]
[0.00132579] [0.60342018 0.58444073 0.00347864 0.        ]
[0.00094159] [0.60352996 0.58308    0.00654303 0.        ]
[0.00070535] [0.60079586 0.58268427 0.00205132 0.        ]
[0.00055661] [0.64854503 0.58835785 0.06655699 0.        ]
[0.00085434] [0.71190578 0.62032705 0.13982324 0.        ]
[0.0013234] [0.75963497 0.63679701 0.2003937  0.        ]
[0.00200303] [0.82177441 0.67145336 0.2731191  0.        ]
[0.00285761] [0.87548654 0.69468454 0.34236034 0.        ]
[0.00374432] [0.92956187 0.72633651 0.40698178 0.        ]
[0.00450781] [0.98028276 0.75757103 0.46921057 0.        ]
[0.00405427] [0.99227509 0.77144284 0.48038401 0.        ]
[0.00322067] [0.99032723 0.76922307 0.47875366 0.        ]
[0.00245134] [0.98916641 0.76593098 0.47849118 0.        ]
[0.00179328] [0.9846908  0.75671891 0.47969696 0.        ]
[0.0013196] [0.98919468 0.76884909 0.4778651  0.        ]
[0.00095763] [0.9831971  0.75876663 0.47635303 0.        ]
[0.0007954] [0.99074495 0.77288725 0.47497037 0.        ]
[0.00070759] [0.99220957 0.77110176 0.47999166 0.        ]
[0.00071906] [0.92799812 0.72145918 0.41083566 0.        ]
[0.0010369] [0.85464967 0.65890067 0.34160623 0.        ]
[0.00144894] [0.80713417 0.64379272 0.27493629 0.        ]
[0.0017661] [0.75761098 0.62795608 0.20799959 0.        ]
[0.00198729] [0.6957488  0.59711241 0.13533407 0.        ]
[0.00226871] [0.64873351 0.5901335  0.06795016 0.        ]
[0.00255121] [0.60808807 0.58603901 0.00742373 0.        ]
[0.00226532] [0.59058814 0.57728236 0.01190032 0.        ]
[0.00191375] [0.59007734 0.57575525 0.01173033 0.        ]
[0.00157702] [0.60259005 0.5834097  0.00268862 0.        ]
[0.00125127] [0.54285853 0.5489542  0.06162385 0.        ]
[0.00112852] [0.4999027  0.54767884 0.11605048 0.        ]
[0.001121] [0.45402355 0.52886511 0.16350345 0.        ]
[0.00114605] [0.4132576  0.51177578 0.20637318 0.        ]
[0.00126199] [0.35361461 0.48471249 0.26328272 0.        ]
[0.00148191] [0.28290925 0.45386265 0.32900546 0.        ]
[0.00173121] [0.21297266 0.41904669 0.39245327 0.        ]
[0.00206685] [0.14767119 0.41059217 0.45861913 0.        ]
[0.00243761] [0.07923164 0.37698773 0.52522055 0.        ]
[0.0027598] [0.02833621 0.40554389 0.57654811 0.        ]
[0.00263893] [0.00627131 0.42031338 0.59883406 0.        ]
[0.0021074] [0.0097287  0.42382761 0.60006267 0.        ]
[0.00159129] [0.00949737 0.41599986 0.59813475 0.        ]
[0.00464865] [0.00341976 0.41280287 0.59955461 1.        ]
[0.0008372] [0.01326246 0.41392828 0.59746124 0.        ]
[0.00064887] [0.00613199 0.4194376  0.60366619 0.        ]
[0.00331842] [0.00236497 0.41706648 0.59988212 1.        ]
[0.00038898] [0.00590826 0.42076751 0.60638798 0.        ]
[0.00039341] [0.06331757 0.35698158 0.56373907 0.        ]
[0.00077834] [0.13225333 0.29622923 0.52455198 0.        ]
[0.00158693] [0.20201417 0.21686757 0.53065942 0.        ]
[0.00262141] [0.27700813 0.14517457 0.52124504 0.        ]
[0.00382358] [0.35270071 0.0792121  0.54126483 0.        ]
[0.00434593] [0.41770859 0.04697951 0.54964681 0.        ]
