0.0862500793212412 1.0 0.41857310400228603 [0.34096499 0.44062058 0.28990047 0.        ]
0.12770475951320576 0.9575814505467188 0.4870004276214715 [0.27397099 0.44055994 0.34194981 0.        ]
0.17221548817383694 0.9297143713129783 0.5418931603981104 [0.21138145 0.44332794 0.40305834 0.        ]
0.222008044879956 0.9013770972817738 0.5897550550195396 [0.1437361  0.42433951 0.46527745 0.        ]
0.2758225811426148 0.8717731554885337 0.6392772934217683 [0.07224034 0.40379464 0.53003446 0.        ]
0.3162728249932513 0.8450366409017653 0.6883044120712867 [0.01007544 0.41027354 0.59173006 0.        ]
0.2818061849965639 0.8609049636236527 0.692583474484195 [0.00772165 0.41213586 0.60438617 0.        ]
0.24840642838233623 0.889878171974085 0.701962567415048 [0.00656251 0.42219463 0.60367154 0.        ]
0.22119652105241863 0.92610165291345 0.7016431656439144 [0.00619204 0.41923363 0.60434375 0.        ]
0.19672671104856737 0.9634503748681231 0.6939820405346753 [0.01210577 0.42491571 0.59962583 0.        ]
1.0336858534933098 0.6272502530102033 0.7357436775126039 [0.00396007 0.41825041 0.60039229 1.        ]
1.0061302863787518 1.0 0.24118449535708258 [0.3607007  0.38264316 0.31420818 0.        ]
0.5509982897940372 0.9581022658582253 0.32206660376079593 [0.34629823 0.3163455  0.36339018 0.        ]
0.4200261793090992 0.9365509953730032 0.3844354196076559 [0.36925717 0.25300481 0.39616815 0.        ]
0.38888906457217587 0.9097908427107467 0.45724784243988437 [0.36613088 0.19672716 0.47060823 0.        ]
0.3772896496009213 0.8864127461129884 0.5211742664830834 [0.40734318 0.14707351 0.52075749 0.        ]
0.371875844611195 0.8669349475723784 0.5655218737389658 [0.4322004  0.11669396 0.57396491 0.        ]
0.36024626928374476 0.8760710141423216 0.5885568433781802 [0.43955622 0.08233188 0.60371955 0.        ]
0.35149333848609743 0.8907709088992644 0.6072198622608799 [0.4345275 0.0269904 0.5976414 0.       ]
0.3195618041643963 0.9157702031280972 0.6067477416635856 [0.42840003 0.01333831 0.58670546 0.        ]
0.2934374983946433 0.9388619011970553 0.6060427076421577 [0.42184775 0.00606977 0.5858374  0.        ]
0.9851200898328614 0.624681420943732 0.5344062493579436 [0.41986648 0.00375845 0.58367909 1.        ]
1.0019377062828756 1.0 0.373960939943996 [0.37650146 0.48178152 0.28376805 0.        ]
0.5514015846940425 0.9538969056089236 0.4140455824369091 [0.30286863 0.46917418 0.33781658 0.        ]
0.43565778484089007 0.9243329625726416 0.45251711867382055 [0.2339062  0.47058407 0.40120887 0.        ]
0.39687327152030827 0.8986115910778084 0.4798477251838965 [0.1726052  0.46207235 0.4609619  0.        ]
0.3982381423262843 0.871707914127267 0.5062593015765675 [0.10404782 0.43789751 0.52043851 0.        ]
0.40852940257272713 0.8464444157043365 0.5522559680997731 [0.04270821 0.43398272 0.57962724 0.        ]
0.3881091839396209 0.8589409330018455 0.558354879384036 [0.0072496  0.4206073  0.59918068 0.        ]
0.3368515776389821 0.885949761273558 0.5629844156529433 [0.01373204 0.42818604 0.60084408 0.        ]
0.979747824339381 0.6182762551033778 0.8958462872995168 [0.00369465 0.41322854 0.59968848 1.        ]
1.0052769983462482 1.0 0.22445644936884776 [0.37162699 0.38355514 0.31009589 0.        ]
0.5534388028014757 0.9555534410136782 0.27298526130008316 [0.35034341 0.33169465 0.37908492 0.        ]
0.42967459346639175 0.930221147874221 0.3163524349926974 [0.34530763 0.28485826 0.44678453 0.        ]
0.3889000931986236 0.906352933058316 0.3535196247723124 [0.35379135 0.24392619 0.5175501  0.        ]
0.37278419688118836 0.8858211409520578 0.3873398838522993 [0.38163284 0.22802658 0.58672839 0.        ]
0.35869815281902234 0.8703453662539749 0.40277445163441195 [0.38561375 0.24467747 0.64732559 0.        ]
0.35277780923204505 0.8824803340930195 0.4170016866361539 [0.38022999 0.26412933 0.69999303 0.        ]
0.3252069015464679 0.9000146867025086 0.4216534317322358 [0.38475987 0.25799861 0.71769271 0.        ]
0.30533116995807225 0.9214506323070831 0.4294320406066313 [0.39252687 0.24131562 0.73163248 0.        ]
0.2906682251706012 0.9429801458772816 0.4317458786377085 [0.39691772 0.23504232 0.74735598 0.        ]
0.2691873846534995 0.962345134569338 0.42880239295348466 [0.39993313 0.24292764 0.75342872 0.        ]
0.2441026147195052 0.9751983065791147 0.42810961296596517 [0.40074443 0.21698998 0.73476913 0.        ]
0.24066036773144936 0.9671075195480192 0.4219340456055007 [0.4000945  0.17276576 0.70246612 0.        ]
0.25850173244504593 0.9419930919506833 0.4055739379141723 [0.37840391 0.1159562  0.65271306 0.        ]
0.2789846890209306 0.91993154651574 0.40468880431781173 [0.40651811 0.07107464 0.62764689 0.        ]
0.3139715504077756 0.8998724571145954 0.4023018878321264 [0.41108222 0.01444215 0.58762033 0.        ]
0.29899539075064996 0.9047891898159223 0.40206615212959296 [0.43171604 0.01561357 0.58630217 0.        ]
0.2814039743405884 0.9244725704575587 0.4044684636190313 [0.41711909 0.01292583 0.59282974 0.        ]
0.2618941825084098 0.9512191960295456 0.4065686943725007 [0.41589734 0.01973993 0.59809514 0.        ]
0.2496850731199161 0.9625558328785425 0.40791211082383866 [0.47863861 0.06471089 0.5979118  0.        ]
0.24570535085766257 0.9516501274349288 0.4124108311619609 [0.50628811 0.0954384  0.5846425  0.        ]
0.24128431348453686 0.941166784562225 0.408336618300811 [0.52135088 0.11330298 0.5805203  0.        ]
0.23346238667102467 0.9374285601565562 0.4011574628653593 [0.51306992 0.11822169 0.55362988 0.        ]
0.23936679115283443 0.9360303687896981 0.3755144682853183 [0.46986309 0.12593671 0.48877471 0.        ]
0.2192548403944531 0.9542707350879708 0.3996454703867083 [0.51189316 0.1210323  0.54722173 0.        ]
0.20661927032284394 0.9568755573960172 0.40816978644112784 [0.48573931 0.07273705 0.59088785 0.        ]
0.22572167140797172 0.9347675601723102 0.4030280390013929 [0.41836095 0.00746586 0.58774198 0.        ]
1.007465978452496 0.6201153462958281 0.5124357849118941 [0.4196719  0.00482839 0.58077485 1.        ]
1.0017455537871767 1.0 0.37912495660393086 [0.39039385 0.45189021 0.27787027 0.        ]
0.5499447040395129 0.954411579089387 0.44138448714590606 [0.31821328 0.43738846 0.33165579 0.        ]
0.4138436822863374 0.936411455522921 0.4999883280952197 [0.28251879 0.4624743  0.38532177 0.        ]
0.3774828753923997 0.9126669819056314 0.5440786088615536 [0.22003099 0.44901742 0.44263529 0.        ]
0.3685856877815006 0.8896136476029541 0.5929367973588088 [0.16791019 0.45112583 0.50018506 0.        ]
0.38282369555523243 0.8651028248005617 0.6380432909902326 [0.10889889 0.4446723  0.56078569 0.        ]
0.3653004507596235 0.8738921649842989 0.6517674724850473 [0.07033317 0.42945855 0.57713829 0.        ]
0.3750135430030461 0.8803295534077514 0.6639963130404202 [0.01671912 0.39532991 0.59622602 0.        ]
0.34419894048946476 0.9009572581996217 0.6687323793065056 [0.00559281 0.38746666 0.59706614 0.        ]
0.3084123004089519 0.9260046948459884 0.6687655220551985 [0.00828649 0.39437879 0.60011359 0.        ]
0.2833642639061976 0.9523400874549853 0.6696477796824056 [0.00611109 0.39228359 0.60255515 0.        ]
0.2592207207309302 0.9714066655661364 0.6720263841898753 [0.00566138 0.39131289 0.59977682 0.        ]
0.23865968040004065 0.9948311568111073 0.6651974308849112 [0.00815064 0.38930064 0.59944834 0.        ]
0.22344645057794255 0.9968657228952854 0.6622861665890145 [0.00680765 0.38901604 0.60218349 0.        ]
0.20633273743024877 0.9968560695676632 0.6669753177599173 [0.01031748 0.39539968 0.59916382 0.        ]
0.9926476981091247 0.6273036632289228 0.9163040622733131 [0.00226408 0.38827804 0.60020336 1.        ]
1.0023374122658741 1.0 0.4335909031393423 [0.40430888 0.46769006 0.27834877 0.        ]
0.5417599481414952 0.9616249211098248 0.5030926520367502 [0.34193418 0.45829342 0.3220716  0.        ]
0.42387410127865793 0.9326861548329591 0.5603972939892533 [0.27467482 0.44292571 0.37687733 0.        ]
0.390666444508889 0.9045627734440032 0.6135042322421865 [0.208032   0.43017279 0.43655219 0.        ]
0.386966296831495 0.8781626186441405 0.6617571695369597 [0.14531348 0.41878165 0.49508226 0.        ]
0.3897763567015426 0.8551571328050481 0.7012014005954615 [0.08875703 0.41474357 0.54464615 0.        ]
0.39464099442282025 0.8596178884777675 0.7341917473588286 [0.03507903 0.40187029 0.58168081 0.        ]
0.9853950069838386 0.6069549999004451 0.8865409302024299 [0.00308902 0.38734908 0.59988533 1.        ]
1.0031289932116751 1.0 0.3162041601691693 [0.38314787 0.35692573 0.29581286 0.        ]
0.5348005401240645 0.9698702212379507 0.37918635118446564 [0.37235615 0.30365286 0.32182737 0.        ]
0.39619537316192494 0.9530297188631883 0.43512947018942494 [0.40264319 0.25602498 0.34152733 0.        ]
0.34443407716775487 0.9354554642821863 0.48778458578717127 [0.42619493 0.21663922 0.38201022 0.        ]
0.32258783094133875 0.9189531719750839 0.5374625398840729 [0.44043355 0.17772255 0.41960392 0.        ]
0.3285622359673571 0.9007505287747898 0.5845338543730157 [0.39029711 0.11029453 0.44284118 0.        ]
0.33891050264442224 0.8970079414058038 0.6325471517757058 [0.37578333 0.05229752 0.4674492  0.        ]
0.9652369857553635 0.6125079777186977 0.7016802795980996 [0.38652537 0.00498085 0.50256135 1.        ]
1.0050421244564403 1.0 0.3662578121713683 [0.36055805 0.35486831 0.30760096 0.        ]
0.5405498564104793 0.9663496051764104 0.4023033812662766 [0.33958383 0.31233639 0.3553557  0.        ]
0.42266837584250316 0.9377666359332261 0.43871208494285263 [0.30980098 0.26668402 0.42053833 0.        ]
0.3471793724743473 0.9271519053363794 0.4661995441066767 [0.30845043 0.21880564 0.42000048 0.        ]
0.314955455589068 0.916996983968446 0.48771486141968856 [0.31974701 0.17992922 0.4445125  0.        ]
0.30857703240552414 0.9046056159800561 0.5144087375283183 [0.31858961 0.14116732 0.48118469 0.        ]
0.33751724528849436 0.9046669273882242 0.5334738276184328 [0.28068881 0.07053311 0.51067574 0.        ]
0.3398371741225447 0.9053423067326363 0.5621566511546889 [0.28523383 0.02735085 0.53562773 0.        ]
0.9788294166951221 0.6155533586133037 0.682158652527021 [0.2642528  0.00372341 0.55321935 1.        ]
1.0028461983154442 1.0 0.42787451144604083 [0.35221755 0.44191458 0.28659263 0.        ]
0.5556325321669319 0.9516964313187994 0.46503432955681145 [0.2786428  0.41672232 0.34390794 0.        ]
0.4295843409249236 0.9277888403141288 0.5090542037738413 [0.22253324 0.42419884 0.4036204  0.        ]
0.3798384853280969 0.9079139458268841 0.5386496980126961 [0.17708331 0.41543424 0.45735242 0.        ]
0.3845928992691798 0.8824138469355114 0.5676231159171762 [0.11021508 0.38708723 0.51738024 0.        ]
0.4041110596011283 0.8552920683124553 0.5923288452644795 [0.04756896 0.35759005 0.5797269  0.        ]
0.38464905864972615 0.8650632923493041 0.6111813173721742 [0.0159888  0.35504509 0.60735066 0.        ]
0.33609181616770617 0.8857681229232673 0.6099918534481736 [0.01268051 0.35202079 0.59971572 0.        ]
0.29707395712037393 0.9144662032434944 0.6100201160034506 [0.01655244 0.35467678 0.60078002 0.        ]
0.26514754621962194 0.9522645055835929 0.6129175693226467 [0.03243206 0.37226871 0.6007319  0.        ]
0.2583809621463813 0.980258878488894 0.5978995852165662 [0.01026213 0.3317888  0.59955055 0.        ]
0.22580884548453115 0.9857903023501602 0.6113893164774107 [0.02026844 0.35924108 0.60020846 0.        ]
0.22057797162632686 0.9838602029622532 0.5982739945015167 [0.0111823  0.33341476 0.60210635 0.        ]
0.20284981407392447 0.982901230444927 0.5990254217063774 [0.01262424 0.33514916 0.59868612 0.        ]
0.9880999284505075 0.6268996262671642 0.8867904164859423 [0.00316968 0.34077509 0.59970276 1.        ]
1.0061919487546578 1.0 0.3547156405970432 [0.36775533 0.38061288 0.31408601 0.        ]
0.5517335460576037 0.9576404217650902 0.40906368494085116 [0.35370021 0.31732688 0.36862655 0.        ]
0.42565411113657153 0.933510159748012 0.46037248227665195 [0.35993631 0.25960516 0.42212981 0.        ]
0.38575688229498395 0.9095262615612295 0.5099440517178396 [0.35639574 0.20393464 0.48085952 0.        ]
0.3622461200166781 0.8910731884654727 0.5488394507508696 [0.3475918  0.15211219 0.51463437 0.        ]
0.3647492831447305 0.8721758520416423 0.5822510045583817 [0.33303931 0.10079366 0.56025723 0.        ]
0.3645449391562439 0.8811020306609862 0.6169861691738653 [0.32746145 0.04819517 0.58383374 0.        ]
0.9845067462461684 0.6115379131963752 0.8215591754654381 [0.33676787 0.00497822 0.61490826 1.        ]
1.0041009725654149 1.0 0.41725006439158363 [0.35351314 0.35713093 0.29338021 0.        ]
0.5368479556568574 0.9669864801433069 0.46068468439731564 [0.34879191 0.29973798 0.26107959 0.        ]
0.39135798342818634 0.9538165147135406 0.5015513406983638 [0.35355929 0.25100891 0.25912107 0.        ]
0.34351559941155363 0.9371291247982177 0.537235055008419 [0.32572132 0.19898846 0.30467105 0.        ]
0.33019058093109893 0.9179408006315808 0.5747071153120171 [0.31422073 0.14740435 0.34759527 0.        ]
0.3372997275944949 0.8969219119973085 0.6107674212542874 [0.30380129 0.09478937 0.39559919 0.        ]
0.352043236298695 0.8868788375717046 0.6457003266144066 [0.30026379 0.04401716 0.44462816 0.        ]
0.35406501449288796 0.8841592346209568 0.6697908454823435 [0.30871016 0.00667209 0.47948785 0.        ]
0.31979580736765234 0.9012296061710507 0.6702600393135313 [0.30855545 0.00606013 0.48683051 0.        ]
0.974281226074542 0.6198260746566974 0.8226706222082542 [0.31298316 0.00244337 0.48286    1.        ]
1.0020901395657662 1.0 0.46735464772469676 [0.3629783  0.4648658  0.28223921 0.        ]
0.546640712142853 0.9587192703296523 0.5298650998281185 [0.30030663 0.47134512 0.33559346 0.        ]
0.43450358404301165 0.9270366987715462 0.5930204551881945 [0.23059956 0.47032922 0.40181136 0.        ]
0.39971121046401525 0.8991112982743494 0.6334935034454162 [0.16527247 0.45522686 0.46316574 0.        ]
0.39472151392156946 0.8732785480266216 0.6780076886072712 [0.10253325 0.44056918 0.52078988 0.        ]
0.40449103118254853 0.8486961479161301 0.721826501270002 [0.04305067 0.43681147 0.57985479 0.        ]
0.9736974852567933 0.6013097912481817 0.930739193128097 [0.00212483 0.41466098 0.60186518 1.        ]
1.0019538341782714 1.0 0.44752360292477894 [0.37281926 0.4768218  0.28413028 0.        ]
0.5425370459085471 0.962127881019703 0.5234006917859736 [0.3171784  0.48807361 0.33427688 0.        ]
0.4239446834097674 0.9339613515369118 0.5949699336419305 [0.2518081  0.48313538 0.3906719  0.        ]
0.3926208604876203 0.905330014255361 0.6439752822755024 [0.18330884 0.4580505  0.44898902 0.        ]
0.3637293131892833 0.8868578964500635 0.6962772128645873 [0.14926099 0.47033322 0.49766402 0.        ]
0.3670115278265286 0.8677148621845587 0.7420291212822122 [0.09940854 0.46443494 0.54894701 0.        ]
0.3732149871814988 0.8739260419144705 0.7706340560487245 [0.04485439 0.43770002 0.58009867 0.        ]
0.3575862821047124 0.8896647633004594 0.789676498848094 [0.02166508 0.43201136 0.60369432 0.        ]
0.9829107448575617 0.6168562565683697 0.9248102117948735 [0.00467297 0.41678464 0.60034551 1.        ]
1.0031314221591952 1.0 0.39238798406670344 [0.39300128 0.38351137 0.28089691 0.        ]
0.5405821645421804 0.9648333180615717 0.4538831131530139 [0.39729353 0.32133148 0.31348556 0.        ]
0.435809032225364 0.9289151835519003 0.5266267440291622 [0.37766927 0.25608543 0.39436395 0.        ]
0.38519766443572456 0.9066088436723966 0.5945449875513112 [0.41409991 0.1998041  0.43526624 0.        ]
0.3845036674409628 0.8814736605771917 0.6540639095118737 [0.42861899 0.15128736 0.51029416 0.        ]
0.3682803319728802 0.8639468071078891 0.7004372231998381 [0.42952066 0.10258305 0.53749943 0.        ]
0.36111291689594205 0.8745044750052091 0.7439166256277908 [0.39840922 0.04607204 0.54206377 0.        ]
0.36154532286367863 0.8918610010427364 0.7770046610120451 [0.42014083 0.0098     0.57801751 0.        ]
0.9838025157590281 0.6169963513873848 0.7902758730676871 [0.41707116 0.00481469 0.58313855 1.        ]
0.05003624256946786 1.0 0.43599381026119655 [0.41099842 0.45334614 0.27321418 0.        ]
0.07888772676449178 0.9691686679420216 0.462246138351166 [0.3712611  0.45356576 0.3203648  0.        ]
0.11815818922234554 0.9491457516110512 0.48859008384019376 [0.37250138 0.49670914 0.37783347 0.        ]
0.1497498452137316 0.9302301400924509 0.5002565255198813 [0.31048532 0.45803676 0.42370324 0.        ]
0.1856610091047005 0.9101995921540879 0.5169018777610107 [0.26848755 0.44299152 0.4752274  0.        ]
0.21418804354825702 0.89185352351451 0.5275436120463454 [0.23693679 0.43216633 0.52552325 0.        ]
0.227871049007236 0.8935407689850482 0.5288232672479607 [0.19281427 0.40252782 0.53850783 0.        ]
0.24367904416473832 0.895951359546383 0.5360633417981504 [0.15051761 0.37235578 0.54539212 0.        ]
0.2817321352309336 0.9027906333491644 0.5282014577023133 [0.09725446 0.32127141 0.55327527 0.        ]
0.31279026897566903 0.9008791557587478 0.5257961607301251 [0.05414042 0.2887158  0.58132946 0.        ]
0.33367866939624824 0.8989708400898778 0.537412274561792 [0.00929581 0.27531883 0.6024759  0.        ]
0.3081392085999162 0.9111048705387564 0.5356184151764105 [0.00977027 0.2739728  0.60664318 0.        ]
0.2844033760234948 0.930898010972401 0.5324652707931394 [0.00765069 0.27201923 0.59909331 0.        ]
0.25504001113890407 0.9586948894921863 0.539741635034563 [0.02400656 0.28401734 0.60407731 0.        ]
0.23544154564805098 0.9803784459288356 0.5418875515319106 [0.02862296 0.28875917 0.60297118 0.        ]
0.24009045925996658 0.9881779308756101 0.5296698700506508 [0.00766417 0.26507062 0.60658467 0.        ]
0.22488320611878398 0.9871725234318512 0.5267078586124185 [0.00700765 0.26508405 0.6003875  0.        ]
0.21352601721886766 0.9865595001884145 0.5301664018536545 [0.0068538  0.26568331 0.60537386 0.        ]
0.20126902100863764 0.9861832903314015 0.5296086428448208 [0.0057361  0.26716629 0.59883046 0.        ]
0.19294131180814508 0.9876538330721364 0.5256311729287262 [0.00915446 0.26188075 0.60275918 0.        ]
0.1833349852137168 0.9956032236044441 0.5275562303657773 [0.00692672 0.26435962 0.59489992 0.        ]
0.17339786292079132 0.9954992318665163 0.5334235073668552 [0.00821821 0.27058658 0.60367107 0.        ]
0.16568996639020178 0.973668540579423 0.5361319980497522 [0.05776869 0.31101932 0.58449923 0.        ]
0.16932879037771353 0.9506323716316856 0.5333076998058284 [0.10377502 0.33708626 0.55767692 0.        ]
0.1818184172330809 0.9272438020011182 0.5369806251190898 [0.15213079 0.37502629 0.54980457 0.        ]
0.1821549107754149 0.9179260412020628 0.5364000621673372 [0.16619886 0.38525305 0.54400285 0.        ]
0.1987703253824011 0.9139900034262548 0.5254068717784081 [0.20700592 0.4116621  0.53480929 0.        ]
0.21727570853144498 0.9236668324084142 0.5314914024592788 [0.23707039 0.4426863  0.53364046 0.        ]
0.251379669992902 0.9245928131012376 0.5298967839416874 [0.28302017 0.47923915 0.52668166 0.        ]
0.2980305096019624 0.9169074294171069 0.5209984964703491 [0.33435846 0.52436093 0.52845857 0.        ]
0.287289277651336 0.9178789472538772 0.5201695571860068 [0.3341767  0.52203399 0.53079467 0.        ]
0.28270006776011464 0.9320089727089546 0.5212882433093076 [0.33609101 0.52736439 0.53282907 0.        ]
0.27334719427810855 0.9503682476997591 0.5189686918061742 [0.33782126 0.52430023 0.53048758 0.        ]
0.2541257392871402 0.9744965581908566 0.5236789985875064 [0.32282755 0.51502012 0.53040581 0.        ]
0.2614168723993992 0.9840956230235215 0.5145470133382367 [0.34174472 0.51740511 0.49270252 0.        ]
0.25982785521193974 0.967283774108803 0.504982008977197 [0.34369435 0.50064062 0.44987317 0.        ]
0.2763188106009484 0.9484344206189805 0.49012218875847774 [0.3579107  0.49337725 0.40234748 0.        ]
0.30126222899507793 0.9324209384299763 0.47955117683686377 [0.37871055 0.49209048 0.35884568 0.        ]
0.3349317937360254 0.9192786178790675 0.4546639628046536 [0.40146437 0.49239427 0.31010025 0.        ]
0.37341733219264034 0.9145988512204453 0.4513351883865112 [0.42744193 0.49265437 0.26165914 0.        ]
0.4192100254955866 0.9106133722934956 0.43870036675339447 [0.46226791 0.50892582 0.21868791 0.        ]
0.4632137169675217 0.9076067369062016 0.42601440094311627 [0.49092467 0.5160016  0.17044969 0.        ]
0.5197185230315321 0.9022617489208083 0.4059596277285922 [0.53479374 0.53981154 0.12270938 0.        ]
0.5699151350559458 0.8978251369044876 0.39164963277433923 [0.57840815 0.56702395 0.08411359 0.        ]
0.6176348775142521 0.8945080036517692 0.37892103749780776 [0.61150648 0.57340037 0.03144339 0.        ]
0.6144147233650215 0.9038107869791524 0.38242222363299766 [0.60205218 0.55313814 0.00504325 0.        ]
0.5986602590483501 0.9223068900378135 0.3832840259871184 [0.59792004 0.54916358 0.00482916 0.        ]
0.5883748227083715 0.9465432063086858 0.3816899997176045 [0.6028435  0.55335475 0.00649591 0.        ]
0.5772785400508404 0.9684923760943137 0.3808046177300459 [0.60879844 0.56253652 0.01312351 0.        ]
0.5837543434212148 0.9655016433673722 0.349806049666674 [0.65853043 0.60674722 0.05808474 0.        ]
0.6025768449608653 0.9333890181705645 0.31861806185272956 [0.70690555 0.64808649 0.10761127 0.        ]
0.6242569258710858 0.9031435668334085 0.30568015876577753 [0.74850893 0.68904007 0.15968436 0.        ]
0.6512189291530587 0.881275633491007 0.2830916191925075 [0.79114792 0.72309368 0.20421441 0.        ]
0.6142278514641294 0.8936852408443817 0.29994321689805814 [0.75833456 0.69484733 0.16664822 0.        ]
0.5729698764189803 0.9260543025854326 0.317718842473182 [0.71025897 0.65451608 0.11722772 0.        ]
0.5401672332415206 0.9222320583092304 0.3528550296111351 [0.65248922 0.59243013 0.0540828  0.        ]
0.5284879373086016 0.8914355809757798 0.3788853626302162 [0.6113523  0.56095843 0.01041599 0.        ]
0.514932380668842 0.8772411362236803 0.3810146856394744 [0.60376184 0.5527984  0.00479743 0.        ]
0.49711942799192654 0.8979777410667842 0.3830751681318721 [0.59898327 0.55149347 0.00767725 0.        ]
0.48498132117176546 0.9318679260960951 0.3816752045115736 [0.60577554 0.55719228 0.00630553 0.        ]
0.4648749369967433 0.9714134048064408 0.3813616293863722 [0.60525554 0.55813221 0.01188447 0.        ]
0.4481022159091157 0.9945423707029414 0.3828372241494472 [0.60260561 0.55603602 0.00857604 0.        ]
0.432773825079599 0.9952882741067748 0.38197992109971524 [0.59956911 0.55059898 0.00373877 0.        ]
0.42879844708553816 0.9636396321947902 0.3481402652925783 [0.66043547 0.6109058  0.0610089  0.        ]
0.43299423071758936 0.9347307435642277 0.3248056425224046 [0.70012492 0.64831876 0.10643245 0.        ]
0.44824492407033284 0.9074614371815876 0.3060050192144178 [0.74452396 0.67917238 0.14938879 0.        ]
0.4747422623408867 0.8833126056524835 0.2833909133918783 [0.78814183 0.71758727 0.19695677 0.        ]
0.418060981276971 0.893816522141226 0.3058771076769193 [0.7487056  0.69171706 0.16334811 0.        ]
0.36348769630585953 0.9302588241776625 0.32314710546724823 [0.70010048 0.64664961 0.11095837 0.        ]
0.33074989507004615 0.924860873345164 0.3565364248472522 [0.65121502 0.59574571 0.05030251 0.        ]
0.3168004153329914 0.8921429698481093 0.38287259004636676 [0.60128551 0.55362753 0.00558163 0.        ]
0.28057925834450587 0.8818590325946889 0.38953705544246664 [0.57574476 0.5603931  0.07600533 0.        ]
0.2813279627390914 0.8880739149352886 0.39937914814730185 [0.51343389 0.50236518 0.10782075 0.        ]
0.26985000277638177 0.9004959934621163 0.41916347773852536 [0.49251461 0.50129519 0.14418435 0.        ]
0.29350975578172056 0.8936504491996731 0.4202244700029939 [0.43185047 0.45154021 0.19233112 0.        ]
0.31287160295954997 0.882581730025036 0.4332481929342623 [0.38822024 0.43271367 0.24397343 0.        ]
0.34198198696591464 0.8805284034546629 0.443530042635702 [0.34485895 0.41369734 0.29350871 0.        ]
0.4135198159215681 0.8725353431565023 0.44319197166602126 [0.27487198 0.36407131 0.35164209 0.        ]
0.49190005926291697 0.8565472416992599 0.45939905963351757 [0.20780775 0.32700654 0.41227581 0.        ]
0.5753014834911683 0.8488970118454188 0.482408503622262 [0.13937348 0.30136207 0.47744392 0.        ]
0.6496486570640482 0.8407318424963705 0.5116103156613803 [0.07679393 0.29253973 0.54138726 0.        ]
0.7107751002580788 0.8411205156855632 0.5424336727735511 [0.03124942 0.29053347 0.60334566 0.        ]
1.256813572751754 0.6027449401539068 0.7128284017638942 [0.00375363 0.26442055 0.59844354 1.        ]
1.0011859643584988 1.0 0.3365571269612565 [0.42084959 0.45905129 0.25670652 0.        ]
0.5125387138080308 0.9886607794812768 0.373548311254779 [0.41585482 0.4770009  0.26963616 0.        ]
0.34423502347564333 0.988798344709215 0.38707842533417514 [0.41001264 0.47765403 0.26725394 0.        ]
0.2605595316801302 0.9889322278067321 0.38752559757756516 [0.40904904 0.47858033 0.27194166 0.        ]
0.21079884204583985 0.989200056305094 0.3906532823591189 [0.4149187  0.48368032 0.26812109 0.        ]
0.18219044681756313 0.9882416663149854 0.39091596969229836 [0.41420339 0.48814006 0.27804588 0.        ]
0.15222487836149387 0.9939889187189342 0.39016878169959157 [0.41493936 0.48383562 0.26916171 0.        ]
0.13316579509160595 0.9944544742790999 0.39087165166571725 [0.41167282 0.48167375 0.27000045 0.        ]
0.12143453117987911 0.9946975037607042 0.39038387040433786 [0.4090203  0.48121856 0.27575946 0.        ]
0.11074698722818806 0.9948161373924297 0.3892826712348776 [0.41715457 0.48744312 0.27119569 0.        ]
0.16984696053506654 0.9673925269701131 0.3706676428361732 [0.3530341  0.43740802 0.3131949  0.        ]
0.24711887586837955 0.9297430861341028 0.34481072711973154 [0.28415225 0.38973012 0.36589703 0.        ]
0.3143111828237744 0.8935461456052821 0.32220069326779655 [0.22024389 0.35428326 0.42233289 0.        ]
0.3746846460562425 0.8634020308253375 0.3275939896893333 [0.15788833 0.33736301 0.48470171 0.        ]
0.43132846235149774 0.843712525511425 0.31250632090126973 [0.09695036 0.32029809 0.54353682 0.        ]
0.42025901972539487 0.8615501962230454 0.30934139179738285 [0.08957506 0.32745886 0.56385833 0.        ]
0.4321486996621365 0.8857822574161611 0.29108327613682633 [0.05575683 0.30031876 0.57276767 0.        ]
0.3650886047596466 0.9225676680889076 0.3082398923676962 [0.09670592 0.32134471 0.54663303 0.        ]
0.3658794608565426 0.9554152425340343 0.30986277387187716 [0.0843051  0.32856266 0.57310498 0.        ]
0.40110900025569984 0.9679083683472197 0.2611601172590411 [0.03277693 0.29001788 0.58966823 0.        ]
1.06402965853632 0.6247463929347911 0.7286641143756425 [0.00438316 0.26784171 0.60317905 1.        ]
1.0009414472053104 1.0 0.36730516429267507 [0.39963819 0.4433432  0.27160571 0.        ]
0.5277830222141248 0.9743180979104827 0.40149071789872826 [0.37673253 0.45784419 0.31523246 0.        ]
0.4021163460006901 0.9498545824504832 0.41957758420098706 [0.32272083 0.4357971  0.36293389 0.        ]
0.3206678430495815 0.9420690256049579 0.43050901730435065 [0.31026483 0.43644981 0.38447624 0.        ]
0.2944946008616679 0.9316047024674988 0.43399471743962753 [0.27564249 0.41489812 0.40948719 0.        ]
0.31289120141193333 0.9119283900843348 0.43386697691578313 [0.21850554 0.38106261 0.45138822 0.        ]
0.33966921247814513 0.9009934168098538 0.44926985208615206 [0.1634188  0.36069258 0.50551099 0.        ]
0.32872846426308283 0.9010296885388608 0.4369367121771739 [0.13593414 0.34013168 0.51791924 0.        ]
0.3501388407363419 0.8936946344281858 0.4362627326206252 [0.08794822 0.31462266 0.54903656 0.        ]
0.32271173194614233 0.906291769826748 0.4386754706094779 [0.08382386 0.31903326 0.55968899 0.        ]
0.3003890258973278 0.9311466812655607 0.4366982389833795 [0.07814907 0.31613095 0.56386456 0.        ]
0.2823439298802293 0.9551487509863656 0.4351233124611752 [0.07486185 0.31951825 0.57274105 0.        ]
0.25518148960295783 0.9710329644218426 0.4372393457655257 [0.07789572 0.31641912 0.56417795 0.        ]
0.2735129410332856 0.9818593509642765 0.4212051048532388 [0.04724595 0.29881486 0.58228815 0.        ]
0.2554797726044679 0.980241145981487 0.4219209927760197 [0.04695965 0.29885225 0.58229297 0.        ]
0.2604997322185033 0.9759031252934869 0.3495853754070768 [0.03261453 0.29102448 0.59708591 0.        ]
0.22530514564604395 0.9783319381248846 0.414162977287156 [0.05052964 0.29934483 0.58299204 0.        ]
0.2111892299858093 0.9817675161380537 0.4103269066179327 [0.05241072 0.30339765 0.58237496 0.        ]
0.20651269218301935 0.9904991471221243 0.4068179127801851 [0.04716415 0.30395474 0.59017264 0.        ]
0.17929960374114903 0.9821262802824039 0.4368084851246836 [0.07675422 0.31686428 0.56657494 0.        ]
0.18497352192570843 0.9525797446447233 0.41899399374041085 [0.13440253 0.32546859 0.50249224 0.        ]
0.20908581672127557 0.9212045508133615 0.4127221305257145 [0.19715718 0.34722253 0.44463204 0.        ]
0.2477260359402947 0.8857945345094449 0.4158563275621564 [0.26641399 0.38883746 0.38788183 0.        ]
0.2619879911269559 0.8686593910378236 0.42698898865162693 [0.30480822 0.43328418 0.3897467  0.        ]
0.3139573217783352 0.8638427922997052 0.4047841223904079 [0.36281324 0.46026956 0.33677372 0.        ]
0.3139064241350601 0.8820494986797377 0.4120846276741364 [0.37159769 0.4709234  0.33063918 0.        ]
0.360783219418802 0.8980482173585388 0.39812184707588716 [0.4142212  0.47987883 0.27666225 0.        ]
0.3738893480324149 0.9160166946000234 0.39593434481778195 [0.42329683 0.47848587 0.24367127 0.        ]
0.4335748416804404 0.9132792587862916 0.3835778950133448 [0.47289291 0.50255462 0.19201818 0.        ]
0.47389448064427575 0.9122283196929477 0.372594410201061 [0.50593666 0.52170055 0.14994214 0.        ]
0.5056143865428403 0.9033788735789714 0.36282113989502107 [0.52888223 0.51986359 0.10175462 0.        ]
0.5642886897809521 0.8995678336860856 0.34697662820403163 [0.57541008 0.54529921 0.0463373  0.        ]
0.5737161168412601 0.9000941380021809 0.34285183838763544 [0.58598346 0.53962733 0.0164272  0.        ]
0.5554715592962555 0.919229822355426 0.34302195081881864 [0.58516958 0.53860135 0.01743564 0.        ]
0.5471944114513961 0.9382105912763561 0.34153891887370913 [0.58983023 0.54185104 0.01179301 0.        ]
0.5311349199931238 0.9603359426607182 0.34078157276267734 [0.59079096 0.54342948 0.01451804 0.        ]
0.5548805273935726 0.9633400134606634 0.30869534129060905 [0.65225103 0.59717311 0.05236899 0.        ]
0.573711290769858 0.93285724247739 0.2955668375127141 [0.69914469 0.64300477 0.10070022 0.        ]
0.5925207832813477 0.9045072224031787 0.28840141369858835 [0.74132684 0.67577169 0.14766186 0.        ]
0.6222276923990157 0.8802984699038952 0.2818785394877169 [0.78429506 0.717974   0.19874164 0.        ]
0.6545612104699278 0.8672706236762762 0.23146372468312787 [0.82870709 0.75170907 0.24318786 0.        ]
0.5998989648862894 0.8977793544139006 0.2823942184231142 [0.79390238 0.71505388 0.19961408 0.        ]
0.5846003879193536 0.9291418826467216 0.2829643262063968 [0.79016276 0.71768979 0.1989288  0.        ]
0.5726612158546955 0.9564292472087599 0.28296909201023135 [0.79217698 0.71763342 0.1993473  0.        ]
0.5572074823473532 0.9740747715862086 0.2827969579811591 [0.79046912 0.71224538 0.1963027  0.        ]
0.5952614884558587 0.9660815512612961 0.24147210302704636 [0.83676862 0.75114729 0.24675762 0.        ]
0.6427878037705511 0.9404356265781361 0.22480508378271874 [0.88244994 0.79438103 0.29926907 0.        ]
0.6781719404317491 0.9137668810774874 0.21514645338503613 [0.91687692 0.82894914 0.33815563 0.        ]
0.6667911206923085 0.9067289500476899 0.21616276453936858 [0.92093406 0.82813703 0.33722564 0.        ]
0.6526906530103506 0.9144428952437201 0.2218605813484655 [0.92011249 0.82792057 0.33666923 0.        ]
0.6253299424352069 0.946045457878504 0.22308376423263893 [0.91831701 0.82360095 0.33505252 0.        ]
0.61254801196796 0.9770105806190942 0.22365016970606372 [0.91944887 0.82192511 0.33535879 0.        ]
0.5973237526245576 0.9963907906359095 0.2225387147241934 [0.91500134 0.82303136 0.33660287 0.        ]
0.5875378464702513 0.9967149966177727 0.21603844496814661 [0.91867055 0.82755695 0.33697099 0.        ]
0.5741536900225349 0.9966795123207071 0.21555509529204891 [0.91900218 0.82913289 0.33742247 0.        ]
0.563023921220339 0.9951042494804274 0.21269235757972427 [0.92009443 0.83402994 0.34086464 0.        ]
0.5407866732925715 0.9953283497649917 0.22213810901056605 [0.91886774 0.82674957 0.33587542 0.        ]
0.5271690956137077 0.9955400190895747 0.2141971818388641 [0.91985697 0.83285161 0.33985927 0.        ]
0.5064978456413881 0.9967561421331803 0.2146304953277653 [0.91858879 0.83089488 0.33954854 0.        ]
0.48871413663322505 0.9968582700224564 0.21420177167376744 [0.92030676 0.83266323 0.34071799 0.        ]
0.46381116967998004 0.9954306982177964 0.223411184528427 [0.91976707 0.82275717 0.33573118 0.        ]
0.4444568584517329 0.9957132867905504 0.2222992068783467 [0.91953263 0.82620445 0.33652537 0.        ]
0.42278955686871195 0.9939182466699027 0.2248473159096823 [0.91938176 0.81731566 0.33557664 0.        ]
0.4038483148867746 0.9941382683106915 0.22410074371261635 [0.92100646 0.82085822 0.33532124 0.        ]
0.38340418792121694 0.9947141998485391 0.22402113238995308 [0.92160171 0.821039   0.33610007 0.        ]
0.3615493237584088 0.9961321305430261 0.2254988685703809 [0.91986322 0.81447981 0.33656723 0.        ]
0.3454611088430557 0.9942950045263024 0.21346527000717433 [0.92498826 0.81316743 0.34414729 0.        ]
0.33051787200817023 0.9926044844691921 0.2226084313395886 [0.92975194 0.81548672 0.35050521 0.        ]
0.30682878045546563 0.99046090989284 0.2238875939736096 [0.92344708 0.80332937 0.35127109 0.        ]
0.2883197947060382 0.9908032616804499 0.22228640527791643 [0.92788821 0.81101351 0.35179056 0.        ]
0.26536467879473724 0.9869331596025878 0.22855592235261366 [0.91260385 0.78559803 0.35016972 0.        ]
0.24556313162501608 0.9507443752088066 0.24902213473328208 [0.84604709 0.71853408 0.29607039 0.        ]
0.24393235812768146 0.9144061650506381 0.25557095031766863 [0.79173006 0.6735198  0.24022318 0.        ]
0.24965124535694258 0.8894899607446335 0.26694623237111764 [0.75931283 0.65697447 0.1874899  0.        ]
0.27219424568744605 0.8698138357393762 0.2842764550998213 [0.71714801 0.63016828 0.13364459 0.        ]
0.3118079471187835 0.8616768732846153 0.2994543663831181 [0.66433758 0.58974003 0.0793629  0.        ]
0.3317737897854597 0.8768255490283137 0.31475928186190627 [0.63424403 0.58389279 0.04476228 0.        ]
0.37693366000946993 0.8835084611879415 0.3424445483482294 [0.58138288 0.53334674 0.02051511 0.        ]
0.3790844683975476 0.8955478344586104 0.35469856835173297 [0.54367117 0.52181548 0.07451101 0.        ]
0.4176917706515743 0.9019039867400969 0.3578129778309559 [0.49229804 0.49071191 0.1324422  0.        ]
0.4824653470540196 0.8924846431722065 0.3458906716050532 [0.43623031 0.44406148 0.1788451  0.        ]
0.5169143807937652 0.8784631341817767 0.36202971044275256 [0.39852066 0.43232589 0.22734409 0.        ]
0.6047697994846432 0.864541969391155 0.34001114886413186 [0.33027741 0.36871044 0.28168223 0.        ]
0.6935808659103069 0.8509151422433927 0.31991022990057405 [0.26117696 0.3094948  0.3445838  0.        ]
0.6964515464557108 0.8565706661904309 0.3894199943839707 [0.23413313 0.34471862 0.3910773  0.        ]
0.7267280016678055 0.8655692201781365 0.4137390421087009 [0.19804999 0.34626113 0.43979877 0.        ]
0.7417968915999105 0.8774968333378017 0.4382284789734645 [0.17642171 0.35538439 0.48278564 0.        ]
0.7834480099808095 0.8958061386374473 0.44457341938008427 [0.13192828 0.33666809 0.51812681 0.        ]
0.8403553188309023 0.9000221450240861 0.43105308666238773 [0.07610911 0.32035119 0.57464825 0.        ]
0.8583534896584498 0.9022133666299219 0.4087379444400438 [0.04684882 0.3015979  0.58626239 0.        ]
1.3675353925732672 0.615215226181095 0.8129124721251394 [0.00290554 0.2693314  0.60224081 1.        ]
1.001275792019628 1.0 0.32418828549268264 [0.40598944 0.44961699 0.27787875 0.        ]
0.5230796663343303 0.9788359821462325 0.35681113716177953 [0.38148222 0.45982883 0.31084505 0.        ]
0.3737543508060596 0.9680949202344807 0.37292253177284573 [0.35460998 0.45278457 0.33562165 0.        ]
0.27975257423474786 0.9684603327215139 0.3747491293734562 [0.35550199 0.45469214 0.33258125 0.        ]
0.24362428622060345 0.9650585250214982 0.37369960242660843 [0.33613019 0.44247648 0.34670457 0.        ]
0.19237328355655667 0.9671902247892987 0.37556954886554084 [0.35340556 0.45505503 0.33612958 0.        ]
0.16603115435284616 0.9820164391456048 0.37039027997211527 [0.35732924 0.45206925 0.32659074 0.        ]
0.15325202101045474 0.988928040025256 0.3735903237477939 [0.34244917 0.44492226 0.33965194 0.        ]
0.13191370981037695 0.9884617998330737 0.37678620266987173 [0.35672577 0.45724871 0.33497439 0.        ]
0.11871969840113158 0.9884343735061272 0.37690535270009123 [0.35564484 0.45657711 0.33596072 0.        ]
0.12027777331637707 0.988892431705728 0.373149180424725 [0.33716356 0.44218271 0.34455665 0.        ]
0.16884882543946267 0.9678002788158578 0.37474275792256156 [0.29250717 0.41360045 0.38051295 0.        ]
0.19723426345524062 0.9500980230628578 0.3787632055466123 [0.26290387 0.4028406  0.41276119 0.        ]
0.18211825726609146 0.9427070048375625 0.3775737497172904 [0.26378053 0.40195111 0.41105494 0.        ]
0.17049268850265048 0.9460912371494357 0.3784491401916302 [0.26416265 0.40461929 0.41347948 0.        ]
0.12368251284758174 0.9580649086041584 0.3769833027704523 [0.31616337 0.43877175 0.3765161  0.        ]
0.15747046576701224 0.9705815766190276 0.3793626412473882 [0.26072424 0.3984664  0.41011364 0.        ]
0.12062322762704482 0.9693290349435449 0.3750085626890061 [0.30084728 0.42049732 0.37951163 0.        ]
0.14538062710170963 0.9688698254021112 0.3805033677095036 [0.26007528 0.40046727 0.41406992 0.        ]
0.13980791464784864 0.9681183723784492 0.3745734734407291 [0.26043779 0.40080899 0.41730781 0.        ]
0.1274410965809511 0.9683160349337984 0.37928044999942045 [0.26487666 0.40171598 0.40824004 0.        ]
0.12376208354803872 0.9792902106770195 0.3798273018355414 [0.26198638 0.39956264 0.4093057  0.        ]
0.12703349228504662 0.9783241168003441 0.3734182887228394 [0.25788383 0.40463219 0.42281682 0.        ]
0.11333328367671204 0.993867536140696 0.3768288852128387 [0.26413285 0.39932888 0.40847615 0.        ]
0.1095403181646315 0.992219370280995 0.37570833240465384 [0.26482277 0.39710282 0.401232   0.        ]
0.1052531336045255 0.9927387389290413 0.37850396948361476 [0.26341176 0.40128675 0.411131   0.        ]
0.10337585178309883 0.9927920318076261 0.3787366884357915 [0.26068119 0.39825363 0.41067661 0.        ]
0.09953931688206184 0.9927284890576236 0.37795308978923864 [0.2610754  0.39764317 0.40943865 0.        ]
0.09479901049536586 0.9960916637186799 0.37638640866447814 [0.2635446  0.39907486 0.40956523 0.        ]
0.09106547707143667 0.9959268254386414 0.37838797648745287 [0.26449577 0.40140524 0.40953683 0.        ]
0.08835054397135572 0.9977662521533035 0.37586521626492037 [0.26479436 0.40029141 0.4099016  0.        ]
0.08995716823863335 0.996562289208804 0.3790452367438437 [0.26006951 0.40162239 0.41627176 0.        ]
0.08440054852542271 0.9960797651863962 0.37905265474870303 [0.26470252 0.40509377 0.41285994 0.        ]
0.08692266770402818 0.9950967700818483 0.37504124280924533 [0.2568517  0.39497364 0.41061157 0.        ]
0.08113920904553928 0.9948236277603385 0.37690815965782537 [0.26366613 0.40469152 0.41516631 0.        ]
0.16961697786765773 0.9639418711883077 0.3501161613205882 [0.1956473  0.36817133 0.47363845 0.        ]
0.18027554831893577 0.9506725014807648 0.357782127687508 [0.17983103 0.34033055 0.45827896 0.        ]
0.18456613776297065 0.9442699396027354 0.35470300738019683 [0.17351018 0.34808372 0.47496163 0.        ]
0.2491542991024302 0.9317564667673204 0.32634894838489287 [0.12631331 0.34260112 0.53334817 0.        ]
0.2663925568005984 0.9287450862455148 0.3187618773819869 [0.10585981 0.32679612 0.54001087 0.        ]
0.19649791171018957 0.9544227133686521 0.3457040781264097 [0.15791513 0.34921163 0.4982145  0.        ]
0.2522794795505146 0.9551730070255375 0.3195393750659198 [0.10827727 0.32740382 0.53772147 0.        ]
0.30685549650215943 0.9495069834936712 0.2951714797415962 [0.06199404 0.30719335 0.57296405 0.        ]
0.24040676035878608 0.9616898114361485 0.31999794863398096 [0.11253356 0.33578875 0.54306546 0.        ]
0.22734252706642957 0.9623733890058858 0.32348515415545365 [0.11736497 0.33236803 0.53177741 0.        ]
0.1658040084711483 0.9498613594965833 0.3519866576320757 [0.17417126 0.34838473 0.47570379 0.        ]
0.14487086246095685 0.9382457456871887 0.36390962306512514 [0.19737308 0.36551496 0.46385615 0.        ]
0.14517561000166856 0.9321701257770472 0.3604545642317395 [0.19316344 0.36520541 0.46870991 0.        ]
0.13655597885220688 0.947935652858275 0.3664409866951884 [0.20146604 0.3694542  0.46213782 0.        ]
0.13857011525065763 0.9594159629746539 0.3605223005789025 [0.1976202  0.37363002 0.47289511 0.        ]
0.12145022433043133 0.9872094949331227 0.35998230839953443 [0.18967338 0.36273112 0.4704061  0.        ]
0.11511774395549614 0.9927983406649035 0.3618646434961249 [0.1896678  0.36017007 0.46702607 0.        ]
0.16653029940722658 0.967510709532527 0.32209447812163633 [0.13127364 0.32281646 0.50559195 0.        ]
0.22202502204606847 0.9390251552117744 0.29533625562343147 [0.08210173 0.32144683 0.56567663 0.        ]
0.26014030342994576 0.9195635988790088 0.25501856288955926 [0.04368754 0.29579295 0.58289494 0.        ]
1.0503400340937752 0.6154585087399681 0.8289811735746013 [0.00479196 0.26183799 0.60066589 1.        ]
1.0026089301784538 1.0 0.3012232808712432 [0.44897457 0.4681138  0.21493435 0.        ]
0.5072937177464736 0.9942347983939734 0.3241412741813291 [0.44358474 0.4783047  0.21472111 0.        ]
0.3501987619569798 0.9884009141773525 0.3348030758589944 [0.45360706 0.49318986 0.20756162 0.        ]
0.29387044258821393 0.9731519702013263 0.3332409779536859 [0.40678915 0.45956247 0.24610217 0.        ]
0.2695054311052613 0.9579659682526405 0.33350120468389594 [0.3775777  0.44176492 0.27248421 0.        ]
0.2925123819944896 0.9323455663260484 0.3316898063295348 [0.32269795 0.40304892 0.3172872  0.        ]
0.3085001876794635 0.9075192499659457 0.3205349670115688 [0.28046095 0.38646597 0.36669371 0.        ]
0.35440900837457223 0.8818205473364416 0.3254252779273063 [0.21475751 0.35127781 0.42359409 0.        ]
0.3795380598947857 0.8749736585138956 0.34975966094335414 [0.16646451 0.33815944 0.47389105 0.        ]
0.4176551698240444 0.8661217281187561 0.3449801400149079 [0.10899355 0.31813057 0.5280863  0.        ]
0.38064716430978485 0.8823210501920343 0.35564304111528794 [0.11507033 0.33551188 0.53901649 0.        ]
0.36063569560519476 0.9050098257533763 0.35039415720150247 [0.10417196 0.32775317 0.54527752 0.        ]
0.35675256931628263 0.9337630366047487 0.3444587097079383 [0.08451901 0.32009105 0.5600225  0.        ]
0.30721461619727297 0.962015334621052 0.35410340859223627 [0.11097674 0.33478644 0.54419118 0.        ]
0.3463832859516137 0.9712149514566824 0.292754081043514 [0.05901308 0.291734   0.57450175 0.        ]
0.3526962313758371 0.9601359131769738 0.31674226717295306 [0.0327143  0.29081113 0.59100871 0.        ]
0.36633419287621294 0.9498618367092878 0.27065541419563266 [0.00523733 0.2662357  0.6025796  0.        ]
0.2999176798160013 0.9550465711414805 0.3306535345303724 [0.04943262 0.29999088 0.5804668  0.        ]
0.2982031232690513 0.9575209754782924 0.31554328694925826 [0.03519184 0.29142959 0.58999789 0.        ]
0.2827475366550268 0.9784298976351581 0.31962700760180013 [0.03491443 0.2910213  0.58792448 0.        ]
1.0312569793225137 0.6266418319725471 0.8388698034711379 [0.00443157 0.26444161 0.59711804 1.        ]
1.0028306312071797 1.0 0.30947957027770473 [0.45036799 0.46192141 0.20126641 0.        ]
0.5257341559507268 0.974875635220479 0.3323703929987096 [0.41738984 0.46141659 0.2391758  0.        ]
0.36513217468535847 0.9698440421151479 0.34359704659202567 [0.39949963 0.454789   0.25135384 0.        ]
0.27027496824160085 0.9730783805795213 0.34374187398390443 [0.40986745 0.45931796 0.23898816 0.        ]
0.22197585605857065 0.9737130875998478 0.3438110136795423 [0.40009743 0.45485779 0.25020588 0.        ]
0.2012414660421801 0.971625034076306 0.34385761278403737 [0.38642901 0.44265085 0.25984425 0.        ]
0.26193709694186806 0.950799692747694 0.3491396959506779 [0.31586772 0.39381178 0.31798035 0.        ]
0.2834076278370069 0.9252355289057962 0.3656027127202711 [0.27608193 0.38060173 0.36420664 0.        ]
0.28799517908939193 0.9068438137082638 0.37238725764500946 [0.25133728 0.3724394  0.39494732 0.        ]
0.3448018497049642 0.8886639813318321 0.39826633532020717 [0.18687519 0.34573507 0.4559082  0.        ]
0.39343211129635947 0.875605437634799 0.4323993325260866 [0.12638451 0.32612566 0.51286285 0.        ]
0.4404673735667102 0.8738600684704972 0.44916643317884364 [0.06432451 0.29889521 0.56296451 0.        ]
0.45012930338762663 0.8719986771338829 0.44495580065247353 [0.03105357 0.29043329 0.59316362 0.        ]
0.3890340992412041 0.891004087785913 0.4549194908486131 [0.06053235 0.3077311  0.57676423 0.        ]
0.3736423220119115 0.925434705318875 0.44576329525959635 [0.04856978 0.2986466  0.58035424 0.        ]
0.37171254982830015 0.9555790138824615 0.43741661940292853 [0.03101003 0.29201851 0.59710163 0.        ]
1.0440026856663926 0.6263359907823781 0.8774211439001989 [0.00401573 0.26914519 0.59999835 1.        ]
1.0005686014734434 1.0 0.3105861500446997 [0.40514194 0.4415476  0.25931329 0.        ]
0.5358883684284533 0.9658468667434318 0.3367154860702073 [0.35675727 0.42432733 0.30434808 0.        ]
0.4204685475050622 0.9354007234349846 0.37100988159760306 [0.29336582 0.40014843 0.36266043 0.        ]
0.38342093478936135 0.9084206171161984 0.3939750595400767 [0.23277824 0.36717863 0.41305977 0.        ]
0.3579681878106994 0.889602514275728 0.42406511266675584 [0.19708006 0.36418191 0.46401377 0.        ]
0.3526347231911143 0.8725137526370847 0.4412976132049396 [0.15155282 0.33919172 0.49887377 0.        ]
0.360938870774249 0.8785955692527001 0.46938471573774565 [0.10604224 0.3241717  0.54217397 0.        ]
0.3628615059735507 0.8910684390021479 0.48576123106154456 [0.06543268 0.30704118 0.56855763 0.        ]
0.3211597880920273 0.9116088604807856 0.48148545253300845 [0.06708074 0.30448419 0.56560755 0.        ]
0.3367886969878819 0.9234286640034524 0.49155416203263413 [0.02898524 0.29072715 0.59706029 0.        ]
0.29842337128026747 0.9440333197465912 0.4456863602037746 [0.03658839 0.29417329 0.59136513 0.        ]
1.000426916690371 0.6249385954967868 0.874598755866413 [0.00467767 0.26733344 0.59983416 1.        ]
0.06525162219694637 1.0 0.36864393656202665 [0.36082704 0.45361958 0.28287388 0.        ]
0.10449000830412236 0.963996214157955 0.4082784391954734 [0.30824306 0.44924768 0.33187288 0.        ]
0.15822266235850913 0.9343037733347773 0.45861540715216037 [0.24343117 0.43777464 0.39131783 0.        ]
0.20554447466374215 0.9069468578307137 0.5052561121019987 [0.18233541 0.4151409  0.44966316 0.        ]
0.24409998854422063 0.8825228586607714 0.5379781355985541 [0.12899348 0.40005063 0.5071297  0.        ]
0.28105725198352055 0.8595204293315083 0.5843899302540877 [0.0742493  0.38730257 0.56074753 0.        ]
0.3046265090013302 0.8632513791657561 0.6088769134355694 [0.02509653 0.36322195 0.59597735 0.        ]
1.05566708290806 0.6087713625401077 0.9337886180478707 [0.00395417 0.33902058 0.60055952 1.        ]
0.07832215549040211 1.0 0.3793641785998519 [0.34653568 0.44263404 0.28414138 0.        ]
0.12632199729536892 0.9563172550968893 0.420133613478628 [0.27750387 0.43926519 0.33758283 0.        ]
0.16914349231268258 0.9295636403018803 0.4596196603565467 [0.21610425 0.44150126 0.39689189 0.        ]
0.2112330378588912 0.9042953733332105 0.4967019116460457 [0.15602876 0.43224347 0.45592208 0.        ]
0.26312281532416915 0.8766862814537886 0.5379770933799404 [0.088151   0.42200785 0.52052375 0.        ]
0.3147755222873551 0.848247487820782 0.5714615144169803 [0.01972522 0.41617912 0.58697901 0.        ]
1.0549532203477916 0.6022683862164913 0.9215964537725992 [0.0040254  0.41382495 0.60140672 1.        ]
0.08485495372530606 1.0 0.17460076165526678 [0.62267288 0.51214957 0.18591013 0.        ]
0.1083554271096791 0.9668765123727123 0.2551186915538144 [0.61160177 0.5556449  0.13718387 0.        ]
0.11348291325319486 0.9529251870418425 0.3070277108545671 [0.55215496 0.52497714 0.11277816 0.        ]
0.14600183541706213 0.932668041851869 0.34281729566925856 [0.48132182 0.50135818 0.10774636 0.        ]
0.16446157185529175 0.9170457625931223 0.38831786119620193 [0.4251259  0.50950536 0.14168669 0.        ]
0.18855485134417227 0.9019596798662459 0.435886478727606 [0.3764213  0.52670083 0.17690599 0.        ]
0.22272736048247918 0.8923759817539147 0.47166506980206435 [0.33863325 0.55940128 0.23862008 0.        ]
0.260046647628298 0.8869302318392297 0.48971609421293844 [0.29622443 0.56614822 0.29810446 0.        ]
0.26698053771979263 0.8882689215547441 0.5082565579104574 [0.2861775  0.60985993 0.32394582 0.        ]
0.3295332593093651 0.8842144132106415 0.5461641427378672 [0.22670728 0.62285392 0.39709308 0.        ]
0.37762006560188915 0.8784577000780748 0.5828458412045231 [0.18512646 0.64821764 0.46173671 0.        ]
0.4001370011262872 0.8806665639440467 0.629794192977606 [0.14326493 0.66420539 0.49398159 0.        ]
0.40859077398254934 0.8866357077203613 0.6613021586223062 [0.10067846 0.64665293 0.51357968 0.        ]
0.42413395901270745 0.8910399031615268 0.6745738638964689 [0.03957059 0.59600257 0.51182716 0.        ]
0.41436390353908936 0.9107283819024766 0.6877850612831731 [0.02334706 0.59535939 0.52259236 0.        ]
1.1007947470361077 0.6195509495607883 0.8434902226042484 [0.00458546 0.57524069 0.51520283 1.        ]
1.0026949661820403 1.0 0.16849205239963494 [0.61097159 0.4554741  0.18886106 0.        ]
0.5313982020577506 0.9725675557164188 0.24221383401750063 [0.58353926 0.48327618 0.15032968 0.        ]
0.39375386039137444 0.9551888014530563 0.29794925267656114 [0.53201093 0.47532387 0.11973208 0.        ]
0.3328391859171607 0.9416503103861134 0.33369243695477696 [0.47662196 0.48207417 0.13770946 0.        ]
0.3188464405825766 0.9242401827992948 0.36839070754245196 [0.41921626 0.4914836  0.18428347 0.        ]
0.34272278934660133 0.8985188828943103 0.39930870068151525 [0.34544943 0.47688572 0.24371492 0.        ]
0.3562797992899714 0.8815307085605582 0.4230172532574895 [0.30587681 0.51466137 0.30532306 0.        ]
0.37300142875366105 0.8701198195991547 0.42902694306196437 [0.27900422 0.55557993 0.36416677 0.        ]
0.3554217293565497 0.8771848254805645 0.4337210944119604 [0.26028401 0.58226059 0.36902375 0.        ]
0.3904543019972472 0.8857007167390814 0.4759758951304175 [0.20109801 0.59404458 0.41928054 0.        ]
0.410044836090111 0.8955149802712591 0.4977004402660095 [0.1513191  0.59143302 0.4553566  0.        ]
0.4172482154018862 0.9039814100914806 0.5190991140769572 [0.10134981 0.55570202 0.46803354 0.        ]
0.4453895008568194 0.9019747648729262 0.5177703292529636 [0.05673773 0.56625304 0.51464826 0.        ]
0.4532751570221874 0.8984284286321045 0.5346560173311927 [0.01073648 0.54054885 0.5213792  0.        ]
0.4265503890131851 0.915725451020252 0.5352795844982913 [0.0076653  0.53418843 0.52231041 0.        ]
0.39522278696602475 0.9370711424072552 0.5441526435857944 [0.02616503 0.55446819 0.53442309 0.        ]
1.0545462533921897 0.6249001359937358 0.8833483929390151 [0.00390255 0.53173103 0.51857487 1.        ]
