0.023242070949446508 1.0 0.2762488363359138 [0.40306952 0.4608492  0.22639698 0.        ]
0.032325956378331924 0.9869795004538159 0.28596919412333405 [0.38221415 0.44572861 0.22258193 0.        ]
0.02344361954521836 0.9881252100295314 0.2891193656972931 [0.38308814 0.45179359 0.21879397 0.        ]
0.01718073654304177 0.9893754788613235 0.2877671437643156 [0.38454381 0.45057572 0.21960107 0.        ]
0.015044290750617658 0.9901105008275162 0.2886761625384394 [0.38172254 0.45091755 0.22017368 0.        ]
0.015175392770303527 0.9904727950240445 0.289226384979828 [0.38438287 0.44563574 0.21702869 0.        ]
0.12483564821134197 0.9546546410309301 0.2744727224392711 [0.32244511 0.36876709 0.28759153 0.        ]
0.19918635859494485 0.9168697481835135 0.23239350872126582 [0.25270376 0.35400926 0.35489723 0.        ]
0.2624479650466974 0.8828021830863901 0.3079258032406068 [0.18798513 0.37126401 0.42467303 0.        ]
0.320558659230255 0.8556353226360222 0.347905292413784 [0.13287524 0.36109078 0.48907822 0.        ]
0.3480437651353554 0.8462339303618066 0.4164535570036817 [0.08631911 0.4023644  0.52712931 0.        ]
0.38706474546329567 0.8599963217835063 0.451510378746489 [0.03209623 0.40213683 0.570303   0.        ]
0.38933411302746634 0.8785298095047329 0.4772336996321274 [0.02392833 0.43745668 0.60325597 0.        ]
1.084540893988232 0.6152843564132424 0.682531057493092 [0.00157241 0.4149338  0.60176602 1.        ]
1.00540250252102 1.0 0.5555526238403088 [0.37157758 0.38061251 0.30889533 0.        ]
0.5599082090678127 0.9502806777220331 0.6005785300994586 [0.34367788 0.31641068 0.37951952 0.        ]
0.4415816715052028 0.9220239040765668 0.6454221223968314 [0.33166236 0.26858917 0.45771247 0.        ]
0.38664701492385223 0.9034045738580408 0.6812870865085743 [0.36400521 0.21114419 0.49586759 0.        ]
0.3651690016995721 0.8869149542690944 0.7178241537332891 [0.40630756 0.15612888 0.51699723 0.        ]
0.3596392923488357 0.8708313658679402 0.7439910041651538 [0.44041367 0.11789575 0.5557708  0.        ]
0.35210419432979567 0.8842341119464339 0.7682527355884596 [0.43902779 0.06835029 0.57487094 0.        ]
0.979224495268097 0.6124120435210489 0.8801998983213671 [0.41514212 0.00131764 0.58217977 1.        ]
1.0035956053159867 1.0 0.41166269171036274 [0.34040443 0.43621821 0.28494399 0.        ]
0.5112034792411015 0.9912475909159922 0.4252757303671 [0.32311508 0.43815158 0.28300512 0.        ]
0.40263407275920854 0.9545616296034523 0.45196132435154945 [0.26009781 0.42430423 0.34529132 0.        ]
0.3747437246602911 0.9226238171067298 0.5055580957171175 [0.19647969 0.41977005 0.40973187 0.        ]
0.3715115708104685 0.894574016191765 0.5526671495337554 [0.13821191 0.41658227 0.46948972 0.        ]
0.3891181071512401 0.866629695656227 0.5964046978548052 [0.07387625 0.3939218  0.52784692 0.        ]
0.39733580044238054 0.8545033425879143 0.6342115538371453 [0.02445804 0.4077861  0.5785285  0.        ]
0.37578714252696244 0.8706678438180635 0.6472287077086033 [0.00567016 0.41197079 0.60250558 0.        ]
0.33678872073577637 0.8976690178553792 0.6472633534983792 [0.00626625 0.41581789 0.60650462 0.        ]
0.3033337610758943 0.9289476493457979 0.6494367311925818 [0.00601725 0.42203707 0.60407063 0.        ]
0.2734643858714258 0.9617980723888737 0.6484336456522793 [0.00518913 0.41187438 0.59698732 0.        ]
0.25557035937412786 0.985544692012381 0.6424072815347569 [0.0164622 0.4309534 0.6067008 0.       ]
0.9903124049915359 0.6272248556369928 0.7921211775433603 [0.00352948 0.4177017  0.60483012 1.        ]
1.0059341701792934 1.0 0.5915763706276429 [0.3580722  0.38610985 0.31261749 0.        ]
0.5580304036930038 0.952188215101486 0.6399264663789288 [0.33077696 0.32241445 0.37850931 0.        ]
0.4422065817020217 0.9225774830729199 0.6629934871546218 [0.31595458 0.27081049 0.45665564 0.        ]
0.39431378258001937 0.9003879334655295 0.6831964801156963 [0.30927043 0.2398217  0.52675074 0.        ]
0.36221600654184993 0.8857018011874798 0.6933297315274485 [0.26352426 0.23303149 0.56917982 0.        ]
0.33953371498906315 0.8758616632147371 0.7009182035221322 [0.30932082 0.16386424 0.57723634 0.        ]
0.3586634528295677 0.8891803758634592 0.7074308640690022 [0.37348444 0.10083525 0.60128088 0.        ]
0.36534410740886564 0.8937812914582167 0.7085422402456576 [0.41669671 0.06225269 0.6228125  0.        ]
0.9868587207588893 0.6119438866226417 0.9235260571975894 [0.41565682 0.00470336 0.58227099 1.        ]
1.0022367816471416 1.0 0.332221596819263 [0.35927323 0.41470584 0.28316561 0.        ]
0.5308079490834385 0.9727182573871306 0.3656320203193355 [0.3299306  0.43114307 0.32613073 0.        ]
0.4151617479094052 0.9426610059774899 0.4328599491545086 [0.26456207 0.43030928 0.3827579  0.        ]
0.38468600602324704 0.912947025694538 0.49530088347087375 [0.19618463 0.41729283 0.44195314 0.        ]
0.383614631544287 0.884946160167089 0.5610653801317886 [0.13415865 0.41736021 0.50443592 0.        ]
0.3945020879850862 0.8589824330609291 0.6351918051551105 [0.08096851 0.43099818 0.56866404 0.        ]
0.38100983520988674 0.8606117170076178 0.672970832424581 [0.03699569 0.41020245 0.58888908 0.        ]
0.9815938915954567 0.6078711240638472 0.9085715295754567 [0.00425726 0.39137769 0.60555037 1.        ]
1.0048553789056147 1.0 0.639110502543079 [0.36051837 0.35791853 0.31016511 0.        ]
0.5535654752592734 0.9550993771215757 0.6837105741897542 [0.32760209 0.31946235 0.38433994 0.        ]
0.4247686160847608 0.9325538528258379 0.7105727108599257 [0.28601136 0.30382293 0.44643322 0.        ]
0.3839605364818339 0.9097501034712808 0.7372381551067808 [0.21727291 0.29927021 0.49401733 0.        ]
0.37608328466669383 0.8868065298969668 0.7568578681721596 [0.15053767 0.30547975 0.54079562 0.        ]
0.37094409807476686 0.8676010670501293 0.7663753244591838 [0.09173069 0.32407035 0.56961349 0.        ]
0.3533314707989373 0.878285790348102 0.764361396916158 [0.05046558 0.34352605 0.57206176 0.        ]
0.3250792936959984 0.8957877722865609 0.7591789464534707 [0.03546726 0.35461147 0.5766722  0.        ]
0.9812108336525398 0.6175918347249907 0.6692178775392763 [0.00279326 0.38581483 0.59938609 1.        ]
0.3445321951210938 0.6231790650060085 0.7670529930118362 [0.06053118 0.33145236 0.56506539 0.        ]
0.3197507573865614 0.6256649826224532 0.7657345563862014 [0.04821163 0.34223128 0.5679054  0.        ]
0.2956861684059869 0.6262887823181253 0.7641353826373026 [0.04485054 0.34717147 0.56531932 0.        ]
0.2678125492993839 0.6259132957732184 0.767296832167666 [0.07481549 0.32343908 0.56520475 0.        ]
0.25917563813895816 0.6244093863306632 0.7647064746952436 [0.12294239 0.29730747 0.56433251 0.        ]
0.2830437762577443 0.9408079087560564 0.7625462417934008 [0.18244801 0.25649522 0.59375659 0.        ]
0.3298575253770268 0.9047286567149889 0.7566588664760159 [0.2596457  0.19789538 0.60461276 0.        ]
0.36098073209923665 0.8804113232693247 0.752557202441658 [0.31273    0.15092597 0.59315098 0.        ]
0.38722206769316025 0.872674160196663 0.7378973984271165 [0.3617086  0.11708647 0.58249703 0.        ]
0.3699842999585483 0.8860599227846286 0.7384750526115348 [0.37319378 0.12790423 0.59022886 0.        ]
0.3313657935526517 0.9177479304574517 0.74827352636448 [0.33952782 0.13630864 0.59220108 0.        ]
0.3107050830187936 0.9543497394676117 0.7505486718240771 [0.3282313  0.13727225 0.59042553 0.        ]
0.303994947164587 0.9772212114048744 0.74718196762116 [0.34357415 0.13585027 0.59220336 0.        ]
0.33492174805910624 0.9721716760951461 0.7253647383977267 [0.40861028 0.12896803 0.58172242 0.        ]
0.36514473672226916 0.9486457315581297 0.6911307284463996 [0.47342264 0.15642463 0.58533955 0.        ]
0.3751234634075227 0.9298589223629065 0.6774842844928443 [0.50412491 0.15649244 0.56504355 0.        ]
0.37082952776009975 0.9236549033585719 0.6611794910183353 [0.51749328 0.16712205 0.57455562 0.        ]
0.32426320295355593 0.9370980519639134 0.7089729509662683 [0.44877365 0.11663901 0.55929197 0.        ]
0.316286959579238 0.9472937057470275 0.7169744579586358 [0.41474599 0.07833908 0.55084049 0.        ]
0.27688063198576807 0.9447506232808054 0.7298559559952799 [0.39584993 0.12067617 0.58285554 0.        ]
0.2512200240447746 0.9299676294635509 0.7450499076145138 [0.33593599 0.12819555 0.58492921 0.        ]
0.24148066873203883 0.9141699878263952 0.7581791904629966 [0.27321875 0.17218678 0.5985163  0.        ]
0.24613319512412302 0.9019078509760102 0.7645996947716498 [0.20779555 0.22457495 0.60754899 0.        ]
0.2649174467578115 0.8762540625238632 0.7710040541329214 [0.13029518 0.28384449 0.5982142  0.        ]
0.26360613663841614 0.8743341958072399 0.7688117059427146 [0.11353784 0.30402079 0.57816779 0.        ]
0.25577891633733696 0.8915139678040067 0.7700636098033228 [0.11616645 0.3000948  0.58648216 0.        ]
0.248598331627576 0.9217158133065352 0.7709656345876121 [0.11686747 0.29598762 0.58982957 0.        ]
0.24152595196620877 0.9553271615492194 0.7695152377034207 [0.11599325 0.2994687  0.58204443 0.        ]
0.23750365357754277 0.9891134995442158 0.7697025318325357 [0.11356833 0.30329782 0.58616246 0.        ]
0.2563987069954001 0.980481601718727 0.7237505834299357 [0.10125087 0.34762055 0.59776383 0.        ]
0.2791444806145256 0.9652588862224045 0.7418745636879804 [0.05158543 0.3573622  0.593678   0.        ]
0.3205806366947099 0.9457890019837794 0.7312100032742601 [0.00525859 0.3851965  0.59838627 0.        ]
0.31292444149348253 0.9407981411032696 0.7310843650801682 [0.00537466 0.38541736 0.59803545 0.        ]
0.2561191735331491 0.9482569392368727 0.7654435730007729 [0.04890462 0.34282533 0.56588979 0.        ]
1.0131437953641609 0.6249744357854848 0.6691617939803263 [0.00354397 0.38643467 0.59781178 1.        ]
0.9907669765643675 0.5276285825295756 0.6676958929755459 [0.00397149 0.38777261 0.5982766  1.        ]
0.2858969009569345 0.5275447411322467 0.7643606266606787 [0.04519648 0.34548977 0.57164253 0.        ]
0.2799058231301128 0.5274107071613029 0.7644789444423465 [0.04579183 0.34609857 0.56596822 0.        ]
0.2757688841077099 0.5275333962849381 0.7637169830246834 [0.04442517 0.3481727  0.56478545 0.        ]
0.2685247783042187 0.5275576123389978 0.7643692336302292 [0.0464705  0.34633349 0.563991   0.        ]
0.2626688854974818 0.6264399237502432 0.7640459000168249 [0.04986277 0.3462138  0.55864474 0.        ]
0.24103968921156227 0.9946931048816942 0.7638546477952909 [0.04972707 0.34660309 0.55717127 0.        ]
0.27732040842242317 0.9763435284934557 0.7327937704798133 [0.00831754 0.38471732 0.59310206 0.        ]
0.2733855068701131 0.9687089967059415 0.7245379184956796 [0.00832997 0.39089774 0.59598003 0.        ]
0.9766050396247615 0.6257124218785091 0.6680816703099028 [0.00350802 0.38744697 0.59836456 1.        ]
0.2835217432282801 0.6257656799486184 0.7199916573849792 [0.00865083 0.39232063 0.60148024 0.        ]
0.9558814830900271 0.5277945921344886 0.6685271597753515 [0.00227706 0.38625472 0.60048765 1.        ]
0.9364099270613794 0.49997247707110104 0.6622812376841569 [0.00474828 0.39066484 0.60427407 1.        ]
0.3153450507348862 0.4999829142251254 0.728202821153703 [0.00547035 0.38744702 0.59925922 0.        ]
0.31645024917873793 0.4999863976574602 0.722153470413863 [0.00610412 0.39051367 0.60385746 0.        ]
0.2917502513168193 0.5285750689741973 0.7342346798767021 [0.00692275 0.38292724 0.59786274 0.        ]
0.28711963734703305 0.5285600028322528 0.7339884069327993 [0.0122669  0.38268979 0.59323741 0.        ]
0.2891883669252194 0.6272772592110922 0.7347730074033952 [0.00648735 0.38321173 0.5965416  0.        ]
0.28037112815202003 0.9909714108318501 0.7443022101927159 [0.01798049 0.37424742 0.58453578 0.        ]
0.9351998682369136 0.6272141931396968 0.6700660515947168 [0.00386147 0.38512915 0.59798286 1.        ]
0.915626421602429 0.5285162605394085 0.6656405830552597 [0.00296346 0.38934752 0.60065    1.        ]
0.8948291631515225 0.49991840846014346 0.6672044215482906 [0.00409232 0.38846048 0.59800153 1.        ]
0.3365072537682366 0.49991434664378276 0.7241384006872561 [0.00584274 0.39070674 0.59978279 0.        ]
0.3072225154186332 0.4991028362637441 0.7657435321700876 [0.05640024 0.33877895 0.56127839 0.        ]
0.3000530222761479 0.49752603774829196 0.766809145546646 [0.09522524 0.31352477 0.56407284 0.        ]
0.2995519406019411 0.5239940984829887 0.7662056199709714 [0.13433689 0.29601187 0.57728027 0.        ]
0.33451303178467745 0.615829178023925 0.7588498630672454 [0.2068619  0.22331963 0.57705346 0.        ]
0.3789836483522589 0.8806144163334726 0.7555767317945274 [0.28272872 0.16499513 0.5888608  0.        ]
0.418257305585734 0.8715845499871697 0.7463211929605846 [0.34536792 0.13381156 0.59015114 0.        ]
0.4195621003962624 0.8771485101398712 0.7457369511437385 [0.3469884  0.12980623 0.58984085 0.        ]
0.4090075106005078 0.8994266663530897 0.7490407994201116 [0.33645782 0.13691199 0.5914487  0.        ]
0.4172713881975739 0.9374909380779308 0.7441315375888535 [0.35391046 0.13203047 0.59094931 0.        ]
0.44449935265395935 0.9645316121119482 0.73105289868385 [0.39472089 0.12381613 0.58684424 0.        ]
0.479069499755105 0.9636052772820131 0.7170014121509656 [0.42812766 0.10180735 0.56215834 0.        ]
0.5108115925634182 0.9449917293351273 0.6994926875034088 [0.42312679 0.04879582 0.51585189 0.        ]
1.00134624589497 0.6208955423045415 0.899545471930143 [0.38739373 0.00260825 0.5043804  1.        ]
1.0011439570397163 1.0 0.40034416648350646 [0.39081928 0.43547779 0.27971948 0.        ]
0.5294675188704049 0.9730395966601215 0.4141781889393309 [0.36018607 0.44405806 0.32325612 0.        ]
0.3777723543116264 0.9634997338636115 0.4244995800300744 [0.3320133  0.43476719 0.34505717 0.        ]
0.3548167734139553 0.9348107300223032 0.4251879308883616 [0.26742913 0.39879739 0.39988123 0.        ]
0.3660455521272462 0.9023875739841588 0.4687807089759906 [0.19885309 0.36387739 0.45905172 0.        ]
0.3748425442509436 0.8750252836170859 0.4944792957805997 [0.14611248 0.34839312 0.51625678 0.        ]
0.39131606887155856 0.8625717785321642 0.5128108077602744 [0.09135799 0.32616852 0.56534448 0.        ]
0.39861924292239465 0.8601075193679647 0.5236791465767905 [0.04070142 0.29179944 0.58588753 0.        ]
1.0019778263025108 0.6074001551192771 0.6859401366596045 [0.00422475 0.26890237 0.60090823 1.        ]
1.0010171832494337 1.0 0.487751028290578 [0.40297406 0.37872157 0.21648481 0.        ]
0.5073869012811055 0.9933590147052421 0.4948203708799826 [0.39111465 0.37378438 0.21311    0.        ]
0.3447982904227403 0.9907176867236078 0.4967778737620124 [0.38303732 0.36952219 0.218528   0.        ]
0.2581499517757044 0.9915477255520567 0.49889504508843585 [0.39406714 0.37056244 0.21139019 0.        ]
0.2096639233520346 0.9915630978450249 0.4970326830909495 [0.40154702 0.37092367 0.21238983 0.        ]
0.17387838314479506 0.992146289913459 0.49766747502149067 [0.39072649 0.37118556 0.21405323 0.        ]
0.1502702143277058 0.9937467974853211 0.4951672805292759 [0.38843718 0.37339753 0.21479477 0.        ]
0.2208265625301543 0.9598406628785991 0.47318628459772505 [0.33690061 0.30709523 0.27943901 0.        ]
0.2441608382136022 0.9345921314735365 0.5422453714757931 [0.3384406  0.25831588 0.3123318  0.        ]
0.2857578983628925 0.9087558133623065 0.5520112741705052 [0.32952455 0.20878422 0.36541476 0.        ]
0.3235027306590182 0.8882881975419784 0.5435495411577562 [0.33542749 0.1711503  0.42748078 0.        ]
0.35594972536050756 0.8781430007353351 0.552582565891661 [0.31158114 0.12255584 0.46385855 0.        ]
0.39681973135600135 0.8848778209266764 0.5587058957098817 [0.2868108  0.06110231 0.49726398 0.        ]
1.0452039971406246 0.6082556389059357 0.5101601736655613 [0.26343117 0.00309569 0.55043284 1.        ]
1.0041809964488224 1.0 0.48763334606407116 [0.33827379 0.42669966 0.28838739 0.        ]
0.5564377803266869 0.9521669279051145 0.5340932138471569 [0.26493494 0.40953779 0.34736954 0.        ]
0.4224228963764534 0.932243670732381 0.5674211651613266 [0.21876597 0.41579033 0.40111013 0.        ]
0.38469767749758244 0.9089082308135641 0.5907575869804903 [0.15970231 0.39160745 0.45592395 0.        ]
0.37355038283092024 0.8868142937320324 0.6176760189755138 [0.1071583  0.37920425 0.50906149 0.        ]
0.38738153201460995 0.8629814671144023 0.647285017858072 [0.04642188 0.36032101 0.56465799 0.        ]
0.9729987029777041 0.6050892866693312 0.9145117798273708 [0.00173073 0.34245813 0.60284731 1.        ]
1.006633839643849 1.0 0.36221082104206304 [0.36053365 0.37974074 0.31441102 0.        ]
0.560037276855861 0.9510555441172366 0.4087712563359463 [0.33694327 0.30990257 0.37881882 0.        ]
0.42175675473138274 0.933081299011682 0.45207988687308087 [0.33800077 0.25462433 0.41527328 0.        ]
0.37589881606872877 0.913453657424875 0.48940279272799597 [0.34159445 0.19914505 0.46254449 0.        ]
0.3320203328966359 0.9028480714553555 0.5187680174689997 [0.35058013 0.1613877  0.47027166 0.        ]
0.36024505927490336 0.8815042597254067 0.5423518784489169 [0.34081306 0.0974736  0.54136481 0.        ]
0.368137228670271 0.8870915462073651 0.5591240430479939 [0.33396388 0.04461365 0.57824136 0.        ]
0.3686028408670198 0.889328035657023 0.5692597879679074 [0.34706274 0.01320648 0.61818511 0.        ]
0.9865152335396332 0.6149984150389998 0.8031186327728135 [0.34273364 0.00468298 0.6143098  1.        ]
1.0008823203566755 1.0 0.46152769672093813 [0.3874959  0.37136244 0.24283514 0.        ]
0.5325631683734853 0.9700000227241488 0.4850991831545635 [0.36131091 0.31738654 0.24380594 0.        ]
0.38957612315478335 0.9555757486998364 0.5091752941835508 [0.35364667 0.26923405 0.25351317 0.        ]
0.3352397379028023 0.9399940652231834 0.5272980856186685 [0.33715051 0.22423253 0.28341284 0.        ]
0.31422871810382735 0.9241300367138587 0.5363689081172716 [0.33186026 0.18097702 0.31960102 0.        ]
0.3411328753579202 0.899044322730084 0.5606803700067469 [0.28804583 0.12459345 0.38061233 0.        ]
0.3488248009788873 0.8907499347853606 0.57464172103367 [0.2921653  0.07246425 0.42114948 0.        ]
0.35911989342413964 0.8851929242454376 0.5920458636713644 [0.3115333  0.02470753 0.4595486  0.        ]
0.3475119222211163 0.8913129538490638 0.5923214125761177 [0.30943326 0.00728695 0.48622895 0.        ]
0.31212720494064483 0.9104864030377249 0.5914356660470674 [0.31177672 0.00957571 0.48712374 0.        ]
0.982159983942864 0.6224418380358824 0.6234729731649639 [0.31000007 0.00474525 0.48685308 1.        ]
1.0025057244469942 1.0 0.5230148089103577 [0.35099973 0.44033464 0.27597719 0.        ]
0.523600442496594 0.9793476522412381 0.5460392985046778 [0.31857418 0.45452485 0.29726801 0.        ]
0.4170464777499778 0.943227007405588 0.5844185937783091 [0.24864469 0.43779933 0.36219695 0.        ]
0.3923389009405383 0.9097795251542244 0.6247502605043818 [0.17953506 0.40425198 0.42543622 0.        ]
0.38680871244180154 0.8819679194037576 0.6604866309417914 [0.11845142 0.40477943 0.48573424 0.        ]
0.4075486297148925 0.8532957242386734 0.6963399374691748 [0.05100557 0.39319828 0.55147832 0.        ]
0.4060062192121996 0.8487947529545398 0.7164090477811043 [0.01044238 0.42108974 0.59885753 0.        ]
0.3586712773116949 0.8734192494543181 0.7153174123038214 [0.00918637 0.41446906 0.60235058 0.        ]
0.3122622875424935 0.9073936637502239 0.7173231428197019 [0.01354943 0.41776125 0.58991724 0.        ]
0.9849585754167121 0.6226165680523768 0.9251912186848037 [0.00301071 0.41460285 0.60119973 1.        ]
1.0039169629628275 1.0 0.474172074628932 [0.33995978 0.43605628 0.29151991 0.        ]
0.5573120588418904 0.9512243921127534 0.5159949991145091 [0.26719832 0.40935757 0.35075832 0.        ]
0.4258007908317598 0.9301176093874367 0.55932815423094 [0.20865625 0.41483874 0.39707687 0.        ]
0.38879626257071004 0.906085115553151 0.5970241310025342 [0.1486402  0.41344756 0.45717394 0.        ]
0.39015150426406753 0.8797402100156363 0.634081247129714 [0.08387836 0.40197014 0.52006506 0.        ]
0.39206423683696007 0.8569290079832119 0.6641538578335624 [0.03030966 0.40497574 0.57164121 0.        ]
0.3625315066036017 0.871927021935356 0.6770301446529671 [0.01151032 0.40910174 0.59355775 0.        ]
0.3241207150885263 0.8941997248296851 0.6751827185445293 [0.01306273 0.40697295 0.60440276 0.        ]
0.2909800882654898 0.9259135308102245 0.6738450042058194 [0.01801927 0.43249154 0.60262607 0.        ]
0.26143606262683095 0.959080401324439 0.6764834384774774 [0.01220531 0.42613075 0.5988254  0.        ]
0.9797864278302207 0.626929187002217 0.9155888311054439 [0.00483475 0.41433327 0.60225708 1.        ]
1.0018346642429494 1.0 0.4466580839605906 [0.42795003 0.39208157 0.23981511 0.        ]
0.5378146988019012 0.9657790780304352 0.47988344314516695 [0.43057391 0.33770036 0.28128902 0.        ]
0.41999577661257875 0.9369055295192799 0.5132267766576628 [0.42692175 0.27524086 0.34029085 0.        ]
0.3895845305761187 0.9075175420964148 0.5451014667702341 [0.43332267 0.21417432 0.40988452 0.        ]
0.3636468825540532 0.8877858249847936 0.5718153974366368 [0.43973845 0.16702499 0.44763676 0.        ]
0.3819161446310604 0.864041964114555 0.5902985727974251 [0.42561747 0.10741504 0.51306961 0.        ]
0.3774289729391786 0.8683498754636756 0.6168149886287497 [0.42944244 0.05928107 0.54140827 0.        ]
0.3876113570796394 0.8783597211297726 0.6364717791464594 [0.42658295 0.01198685 0.58083854 0.        ]
0.9911761910000726 0.6137602356054248 0.8021951979074485 [0.41858709 0.00329562 0.58417911 1.        ]
1.0006895573056525 1.0 0.4829866796732043 [0.41044897 0.42817559 0.21862759 0.        ]
0.5357739063246831 0.9660137600910143 0.5073689690898225 [0.39902072 0.37193122 0.25504495 0.        ]
0.38815122365937366 0.9538978619545773 0.5095986312005651 [0.37997186 0.33866857 0.27828305 0.        ]
0.34579162249101436 0.9339592680096601 0.5107523025976682 [0.37415343 0.28768237 0.32689631 0.        ]
0.2778620893661366 0.9307057720670467 0.5107607945694925 [0.38181109 0.28752129 0.32756816 0.        ]
0.329514473122688 0.9060408783882697 0.5089186650232793 [0.36349749 0.20899567 0.4085504  0.        ]
0.3745312540787652 0.8890315690797551 0.5049236462547109 [0.37382347 0.14125255 0.4864877  0.        ]
0.4132838337452956 0.8665825173518235 0.4965392057500194 [0.39462425 0.0915542  0.56577523 0.        ]
0.4453678144968912 0.8518168918107065 0.49601875426331365 [0.35411558 0.01744886 0.60763823 0.        ]
0.4146116297243033 0.8530249878391228 0.4948373957849692 [0.34406383 0.00508929 0.61367271 0.        ]
0.3774911108017971 0.8894381461329938 0.4944074329141265 [0.34473688 0.00670616 0.61619614 0.        ]
1.0168997990971809 0.6201239471747384 0.648621456896739 [0.33839329 0.00305201 0.61261297 1.        ]
0.047840467456973956 1.0 0.49265889714076927 [0.41559912 0.40691344 0.22550249 0.        ]
0.0891478711413761 0.9639140792368706 0.5370996496064159 [0.40580025 0.34678346 0.26419541 0.        ]
0.1487940887243929 0.932961659138236 0.5809087943334649 [0.39822354 0.27905002 0.32607    0.        ]
0.20446804115701234 0.9032281148699934 0.6210424673570831 [0.40447657 0.21248669 0.39276745 0.        ]
0.2377166242542032 0.8798119353424569 0.6581106430591024 [0.39992357 0.15713464 0.44231784 0.        ]
0.2780402384451784 0.8568190820832635 0.6948013350970305 [0.39086492 0.09925598 0.49720475 0.        ]
0.31277942276068765 0.8586287752540701 0.7285627659810558 [0.41607921 0.04616197 0.5489524  0.        ]
0.3260074156725473 0.8704718815354644 0.7517435599977624 [0.42516934 0.00906329 0.58534731 0.        ]
0.28977677497871496 0.8947647619455864 0.7577118688061811 [0.41087295 0.00612641 0.58046608 0.        ]
0.2586591259279366 0.921997263535294 0.7582694396265587 [0.41863997 0.00771759 0.57692186 0.        ]
1.0471745495289992 0.6242745884824372 0.8158169221287324 [0.41884964 0.00479632 0.57938564 1.        ]
1.001869209788326 1.0 0.5128947822146958 [0.43060604 0.35032109 0.2408444  0.        ]
0.5389330642028827 0.9646134173016634 0.5216551708590499 [0.42298033 0.29837828 0.28830632 0.        ]
0.40812777356980123 0.9432017526307301 0.5557466746631866 [0.42535655 0.25096149 0.3378738  0.        ]
0.3511950480194643 0.9267709116522973 0.5889813406502965 [0.43220779 0.20656803 0.3723909  0.        ]
0.3315246713616437 0.9102501248620702 0.6161670550468273 [0.43716158 0.17075566 0.42053205 0.        ]
0.3197154283005841 0.8961506682734501 0.6484600111099985 [0.42961437 0.12193118 0.43925728 0.        ]
0.3465826221224046 0.8965884128292535 0.669780390571121 [0.3888316  0.05498132 0.47481364 0.        ]
0.3534167812508144 0.8965250456458481 0.7013044302685141 [0.39653014 0.00854388 0.5068544  0.        ]
0.9720715887901683 0.6155990262021827 0.827244985254675 [0.38691949 0.00198005 0.50536306 1.        ]
1.001419143564831 1.0 0.4889487698057899 [0.37789878 0.37327037 0.2389255  0.        ]
0.5465011247201532 0.9575985072714879 0.5179037799204442 [0.34533644 0.3136076  0.2896364  0.        ]
0.40118869894673864 0.9439643616609765 0.5362881277045666 [0.3457077  0.26774345 0.31675349 0.        ]
0.3535313675057969 0.9262017136942912 0.5483322856187801 [0.33465796 0.22127465 0.36314413 0.        ]
0.332310430853739 0.9095731377608129 0.5589132363870689 [0.33337323 0.17921924 0.40409316 0.        ]
0.3631568655417348 0.8835354822557362 0.570512039764579 [0.28943255 0.11181453 0.46354811 0.        ]
0.38737989601042316 0.8768994055384142 0.5806863917105107 [0.26610136 0.05193595 0.51676792 0.        ]
0.9835216537636633 0.6059666078646753 0.7227948273428364 [0.26795992 0.004225   0.54784897 1.        ]
1.0014396050001997 1.0 0.5177882120254776 [0.4038666  0.40302648 0.25560326 0.        ]
0.5229044353438138 0.9793115277017365 0.5738602329464577 [0.38616081 0.36677772 0.26480021 0.        ]
0.388042548853972 0.9602378954133943 0.5975940769667938 [0.36927787 0.32297833 0.29672141 0.        ]
0.3465547186238052 0.9374766975847886 0.6095223861312167 [0.3691465  0.27006189 0.34553529 0.        ]
0.3103683529120744 0.9238223688937844 0.6121846440851841 [0.37600842 0.24254154 0.37462099 0.        ]
0.35787974936032785 0.8935233756158331 0.6112637454784251 [0.36387094 0.16471181 0.45601705 0.        ]
0.4026693731362805 0.8694555370896904 0.6079230594832683 [0.36558142 0.09429632 0.53501485 0.        ]
0.4318581012820294 0.8540165260276388 0.6082808864177036 [0.34865935 0.02965685 0.58970031 0.        ]
0.4151803726591299 0.8567787116103768 0.6055625851391606 [0.34571012 0.00722528 0.61409484 0.        ]
0.37262636426080065 0.8749021643506523 0.6062089397947806 [0.34072221 0.00686009 0.61003716 0.        ]
0.33173138292585685 0.9182004362006169 0.6081671812561326 [0.3449612  0.01456944 0.6022567  0.        ]
1.0084683029638002 0.6248518881613996 0.8262057539165447 [0.34182879 0.00257832 0.61312273 1.        ]
1.002096530048219 1.0 0.5825609737172897 [0.40538191 0.3515378  0.20773932 0.        ]
0.5509883439613109 0.9529746796166177 0.6062883898192704 [0.34476189 0.29928496 0.25713949 0.        ]
0.38995799454724417 0.9478271968460669 0.6274732868840657 [0.34793213 0.26115519 0.25981528 0.        ]
0.34061455856762196 0.9337464013033221 0.6454490073418278 [0.33339616 0.21031518 0.29335989 0.        ]
0.3199252543097279 0.9184732356091043 0.6835729641231387 [0.33281351 0.16337309 0.32683239 0.        ]
0.3297148195634276 0.8988140001315676 0.7314327779030001 [0.31509603 0.1127548  0.37652843 0.        ]
0.3407660669742034 0.8980482516721758 0.7755517152853892 [0.31916846 0.06376049 0.42057981 0.        ]
0.3602580755821793 0.8887839407285566 0.813840567126346 [0.31652313 0.01580843 0.46854972 0.        ]
0.9761720487578196 0.6132381139494258 0.9296610507333158 [0.31141033 0.00458196 0.48796374 1.        ]
1.0016808839600368 1.0 0.5035474783383257 [0.4289858  0.39525681 0.23774309 0.        ]
0.5407800745217674 0.9628750974210313 0.5569460681984693 [0.42421827 0.3362685  0.28258375 0.        ]
0.40096112006947865 0.9464237489485874 0.5957843990376337 [0.4202558  0.28841663 0.3126935  0.        ]
0.3676952602083793 0.9216047702774586 0.632034095968505 [0.42803147 0.22976459 0.37325514 0.        ]
0.35865792578169253 0.8980770768317562 0.6663043990965994 [0.4212883  0.17391895 0.42402965 0.        ]
0.37277168768631497 0.8732625385912804 0.7026806400474739 [0.4111075  0.11390012 0.48084293 0.        ]
0.395906919187229 0.8673952935848335 0.7355278916726138 [0.39899993 0.05493302 0.53900519 0.        ]
0.9915309268779311 0.6038533760025311 0.9105910369274467 [0.41544796 0.00492667 0.57722718 1.        ]
0.08283639177813895 1.0 0.4868858710792399 [0.55948848 0.39743903 0.24011108 0.        ]
0.11825932778553455 0.9590148495551509 0.5684127078871919 [0.52739116 0.3353625  0.2829526  0.        ]
0.09396404603203105 0.9573709798475799 0.5882309832843344 [0.53540571 0.31665244 0.2860014  0.        ]
0.08106267945984748 0.9581626147186921 0.5971054886988395 [0.51697159 0.31342334 0.28294778 0.        ]
0.06513423150389215 0.9601368862082541 0.5964665775378772 [0.51696407 0.31353109 0.28404908 0.        ]
0.054972272948056004 0.9622405450545868 0.5970805902756771 [0.52225522 0.31175765 0.28506132 0.        ]
0.05102364893315186 0.988363134946182 0.590442207075434 [0.53590628 0.31258351 0.29030357 0.        ]
0.09669935205300882 0.9705190441849144 0.5399238736185977 [0.58516964 0.30184292 0.33116289 0.        ]
0.14929082955723805 0.9426309874769386 0.4604980177011111 [0.63536499 0.29956823 0.38099721 0.        ]
0.14217199758810292 0.9321187069138341 0.4521047367058601 [0.64523883 0.30333656 0.38386745 0.        ]
0.1304618071964778 0.9329802395091494 0.44870665298621876 [0.64713162 0.30473716 0.38385288 0.        ]
0.09267690305669633 0.9472864160072532 0.5186512088335724 [0.60122974 0.30164288 0.34658811 0.        ]
0.07662278224616983 0.9554278711000248 0.5658344512891729 [0.55213218 0.30168519 0.31444857 0.        ]
0.08279152053883307 0.937059113570379 0.5886099550585638 [0.50843338 0.31188703 0.29547185 0.        ]
0.09561135592684407 0.9314493121598555 0.547379972327963 [0.49957417 0.2976728  0.32903616 0.        ]
0.1086579450171511 0.9354342935055877 0.531598745233346 [0.49064897 0.3034415  0.35857533 0.        ]
0.11385072193969974 0.9509090895531697 0.5134680948848042 [0.49275971 0.30703897 0.37943028 0.        ]
0.10917054287904142 0.9611971368051202 0.5144357023114002 [0.4884692  0.30273097 0.37746007 0.        ]
0.10425412753391801 0.967646598631266 0.5113071450553577 [0.48885403 0.29977499 0.37814719 0.        ]
0.0838749542695912 0.9793314885095548 0.5514218366340333 [0.49410009 0.30673993 0.3391128  0.        ]
0.07746353696977927 0.9788461356178388 0.5587544108546518 [0.49717169 0.31080669 0.32678427 0.        ]
0.07164106134682356 0.9686704553037151 0.5843060731040524 [0.50849081 0.3127195  0.30070637 0.        ]
0.11079589195268218 0.9463383825761172 0.5095703537321138 [0.53768069 0.37396395 0.25188392 0.        ]
0.15226185998661604 0.9261761960898514 0.4640205495483392 [0.5640736  0.41716545 0.22058752 0.        ]
0.1143453576791257 0.9327701822226887 0.5211907364236118 [0.54949137 0.3801266  0.2399     0.        ]
0.07549937962210472 0.9408965331762424 0.575209991715678 [0.51653811 0.32171368 0.28132726 0.        ]
0.07079388659879388 0.9477749639482075 0.5965405130055662 [0.52390714 0.31310251 0.2842726  0.        ]
0.07009558369648325 0.9509338415809999 0.5951684310706807 [0.52050008 0.31593284 0.28019806 0.        ]
0.10668081055470106 0.9497131574263689 0.5176396695409239 [0.55386627 0.37603874 0.23881224 0.        ]
0.16780739557379692 0.9399593391163883 0.4353449495412738 [0.58929211 0.43966413 0.20502442 0.        ]
0.20205902179365567 0.917285965954486 0.3745495133830002 [0.61218015 0.47657832 0.19364075 0.        ]
0.21546805406553018 0.909584798223548 0.4340905968587011 [0.56418583 0.47728622 0.14873049 0.        ]
0.23839852967007955 0.9106185818869537 0.46883306397001384 [0.51232412 0.48141654 0.11723615 0.        ]
0.21921919664208372 0.9269522739732228 0.49147727761938 [0.47065811 0.46636236 0.14184553 0.        ]
0.2407123880694124 0.9290992803841024 0.48161766000931533 [0.44440215 0.48429892 0.13039161 0.        ]
0.23990522133518677 0.9319223505072426 0.4781949662497597 [0.44205288 0.48882563 0.12654476 0.        ]
0.29023398945193407 0.945135078219065 0.4450931927023445 [0.44363262 0.53395072 0.07882646 0.        ]
0.3425753716823585 0.9363701621089038 0.3642252252192164 [0.4959759  0.58849566 0.02817436 0.        ]
0.34572470913596365 0.9237203332253705 0.42205579777667757 [0.51156257 0.58288201 0.00591471 0.        ]
0.3401822124419666 0.9233106985542071 0.41375685840494336 [0.51756927 0.58737486 0.00542298 0.        ]
0.3312184205921388 0.9320187320101444 0.3869950719094084 [0.51988898 0.58988407 0.00876073 0.        ]
0.3229706442124517 0.9575227640797441 0.3899325591817672 [0.51469545 0.58801669 0.00775629 0.        ]
0.3149151104365365 0.9884798613513809 0.38417067172244307 [0.51687912 0.59231441 0.01290027 0.        ]
0.3080241781374356 0.9953385540898809 0.3903917496160495 [0.51355893 0.58706898 0.0077647  0.        ]
0.30303215462877664 0.9948330762956736 0.38245326451355344 [0.5243997  0.59407181 0.01241803 0.        ]
0.2959711288494076 0.9951749129419165 0.38763481988945453 [0.51702517 0.58970193 0.00817177 0.        ]
0.28899918530902824 0.9936766093691274 0.42309782486474 [0.51217915 0.58176628 0.00431955 0.        ]
0.28451179677217614 0.9932696558927053 0.38436416474512786 [0.52224231 0.59264662 0.01071444 0.        ]
0.27660831262494173 0.9930143629644871 0.3898003738026352 [0.51089938 0.58675019 0.00948798 0.        ]
0.2738929438539553 0.9925992476073688 0.42078280776810195 [0.51550357 0.58429819 0.00292058 0.        ]
0.22349892602495178 0.9602733151558084 0.4567595193822531 [0.48451321 0.51066041 0.07290336 0.        ]
0.1949165780439694 0.9325933299088276 0.48383421438965357 [0.49278591 0.47105172 0.12776267 0.        ]
0.18778180557331298 0.9129210351383181 0.4960436429952094 [0.47369034 0.45355399 0.16524097 0.        ]
0.18230481421244366 0.9070293288383893 0.4993080143304136 [0.47554389 0.44391117 0.18190504 0.        ]
0.1856913873347258 0.9170584658371036 0.493325747014146 [0.4571428  0.45338762 0.17540951 0.        ]
0.17468233538778907 0.9538987919407114 0.49768222541335266 [0.48317795 0.44702675 0.17314171 0.        ]
0.17346578069241506 0.9763689621542683 0.4989640356625096 [0.47289497 0.44415612 0.18306013 0.        ]
0.17125109614703138 0.9887991145730295 0.49785162075644585 [0.46870027 0.44421591 0.1846026  0.        ]
0.19082671308183433 0.9759757703974816 0.46506412152380827 [0.4264773  0.44971879 0.21805217 0.        ]
0.22160254379932973 0.9549893465742454 0.4112901909643054 [0.38153851 0.47222102 0.24717524 0.        ]
0.26460219232022675 0.9291235559975244 0.3194257978017552 [0.3436401  0.49861002 0.29892453 0.        ]
0.2901101286818626 0.9147493050888282 0.2509170134042949 [0.3302436  0.51309499 0.34004634 0.        ]
0.22765706275616396 0.9253042437413628 0.341174863992728 [0.37376101 0.48895772 0.28633915 0.        ]
0.18993630154216185 0.9436461315772668 0.4281118445661148 [0.40170223 0.46242342 0.24408197 0.        ]
0.16301120466572872 0.9398099355503218 0.4742896671450201 [0.43635125 0.44889634 0.20503414 0.        ]
0.1518320667360949 0.9228126592382289 0.49842267686920666 [0.47687023 0.43496229 0.20067715 0.        ]
0.14602531552655956 0.9209525622511093 0.49622936964438147 [0.46249228 0.44425362 0.18917517 0.        ]
0.14255203411417067 0.9453387656654489 0.4980769056570465 [0.47382491 0.43769616 0.19707485 0.        ]
0.13741351606469968 0.9650612580764862 0.4982302209737463 [0.48200913 0.43762775 0.19337503 0.        ]
0.12920714257587093 0.9795350941131482 0.4976103091964741 [0.47751371 0.45066311 0.16777227 0.        ]
0.1336660231032364 0.9853004556776062 0.4977686120877757 [0.48073722 0.43296019 0.20356598 0.        ]
0.1687104938563967 0.9658339078180527 0.4649849946039798 [0.49569448 0.40823072 0.2645423  0.        ]
0.2105872914149618 0.9433478557307551 0.42867443631577884 [0.52336433 0.39220992 0.31501124 0.        ]
0.2763024782625722 0.9151589566244553 0.36160004906689636 [0.56025258 0.38053179 0.38259058 0.        ]
0.30340257133905174 0.8998554252893265 0.4444881009986161 [0.58409929 0.32619678 0.38345853 0.        ]
0.26697692743175294 0.914692315365855 0.5419838529730471 [0.54769572 0.31194062 0.33780249 0.        ]
0.24454061968978114 0.9356833761639572 0.5781710599868818 [0.53690555 0.31279463 0.30451914 0.        ]
0.23387105597621594 0.9453418734368202 0.5965409400764325 [0.52615718 0.31230779 0.28520449 0.        ]
0.2301436008358206 0.9469771457088652 0.5945159165311571 [0.52469698 0.31548635 0.28200038 0.        ]
0.27677969518270074 0.9571363629962327 0.5382775224242192 [0.57772361 0.29919651 0.329938   0.        ]
0.3293372658919786 0.9479538430301974 0.4595746643526306 [0.63303932 0.29846474 0.38300347 0.        ]
0.32544844871145356 0.9371251619860399 0.46289781881816516 [0.63269334 0.29223861 0.38012537 0.        ]
0.32170104496673024 0.9331257848503972 0.457022144464712 [0.64050008 0.29844778 0.3822065  0.        ]
0.3164680042380005 0.9417329048702792 0.451957770919512 [0.63891371 0.29551818 0.38414038 0.        ]
0.3090032791408958 0.9698207082468894 0.45604015135509846 [0.64394974 0.30168854 0.38275284 0.        ]
0.29668616169914663 0.9937857698289484 0.4646936785124142 [0.63035086 0.29305821 0.37807832 0.        ]
0.2927873893491026 0.9937844726343551 0.45694087394436217 [0.64077089 0.29986146 0.38157371 0.        ]
0.28624111194250773 0.993805037925029 0.4531280598086224 [0.64519205 0.30303139 0.38292735 0.        ]
0.27381635258349873 0.9929916896889835 0.46171238850762775 [0.63329383 0.29300746 0.38003191 0.        ]
0.2445120606824935 0.9825558165042985 0.5088165827910699 [0.60633387 0.29717482 0.35271145 0.        ]
0.21075289040279574 0.9594450642980918 0.5722498774432484 [0.55810504 0.3063536  0.30821911 0.        ]
0.1952289626325854 0.9390491095442198 0.5979205784869625 [0.52098745 0.31213744 0.28293814 0.        ]
0.18809585906064397 0.9332546970102695 0.5974898317490933 [0.51630883 0.31213659 0.28384152 0.        ]
0.17973784356010516 0.9399067415430752 0.5979436829024519 [0.5198588  0.31236089 0.28260257 0.        ]
0.17165140467525297 0.9584038960580801 0.5961851226379409 [0.5253404  0.31302856 0.28493208 0.        ]
0.16375217479621818 0.9830609881853394 0.596976308099658 [0.52420947 0.31312651 0.28344173 0.        ]
0.155130254255885 0.9963777599897569 0.594845076039981 [0.52428304 0.31586188 0.28079522 0.        ]
0.14955300973826502 0.9956410716712928 0.5974271295768262 [0.5153238  0.31304924 0.28278545 0.        ]
0.15179022429581152 0.9886078769323041 0.5752839046610544 [0.50400023 0.30340262 0.30320633 0.        ]
0.09425264137966757 1.0 0.4911340323622037 [0.5488815  0.39230724 0.2408455  0.        ]
0.10984147763062149 0.9647072114560454 0.5629069207487056 [0.53343008 0.33766687 0.28277409 0.        ]
0.1059349464389991 0.9567303841925994 0.5907805639390755 [0.52681679 0.30634068 0.29411183 0.        ]
0.07563646144479558 0.9597200931624869 0.6006522370813602 [0.52442357 0.3148343  0.28177896 0.        ]
0.06480651663838123 0.9620242508553551 0.6043234314357318 [0.51779863 0.3131512  0.28203062 0.        ]
0.0550490059864433 0.9641734558224135 0.6022278780006373 [0.51569456 0.31440154 0.282257   0.        ]
0.048992498100378014 0.9873591807432001 0.5984130459966406 [0.5155571  0.31272173 0.28643024 0.        ]
0.08377124456951539 0.9759079966348146 0.5429461796315324 [0.57079592 0.30258101 0.31980755 0.        ]
0.1434159893816906 0.9463847343418499 0.4445464569126041 [0.62596213 0.29538364 0.37335582 0.        ]
0.14959235303049281 0.9302604725330854 0.4210290044307271 [0.6496784  0.30866621 0.38366721 0.        ]
0.132451050661965 0.9283388477067472 0.4303813649535615 [0.64498909 0.30636152 0.38128917 0.        ]
0.0922415492871968 0.940827235278768 0.5079721158764144 [0.59194977 0.30168185 0.34611008 0.        ]
0.07154815211933593 0.9516007677970998 0.5719070012655132 [0.5557166  0.31350707 0.30013088 0.        ]
0.07325343758653975 0.9366910860328724 0.5996007183962474 [0.51492127 0.3160829  0.28381603 0.        ]
0.0654039885738923 0.9316365412754439 0.6016629798960922 [0.52490816 0.3123419  0.28498258 0.        ]
0.0615324869473885 0.9403559299307822 0.6017756936481456 [0.52491588 0.31344531 0.28333093 0.        ]
0.059930913296894775 0.9640731214848333 0.6017009768955733 [0.51869848 0.31446636 0.28237959 0.        ]
0.05728718931702329 0.9848980307189936 0.6013450269486119 [0.52047014 0.31651838 0.27967324 0.        ]
0.052894186504970506 0.995617249386566 0.602838613219538 [0.52329142 0.31185111 0.28459996 0.        ]
0.05537227148004248 0.9949449914901626 0.6005817452921978 [0.51223152 0.31462053 0.28482209 0.        ]
0.07023431630206141 0.986135519876678 0.5727203697109037 [0.50182209 0.30446635 0.31142891 0.        ]
0.08432917645016222 0.9761592749414543 0.5569211366980268 [0.49690908 0.30668943 0.33816567 0.        ]
0.11270666731008981 0.9611884270537384 0.5095441979050678 [0.49820438 0.29776191 0.38216908 0.        ]
0.07893755852798061 0.9639280167158623 0.5501673639619181 [0.4991581  0.31016107 0.33997494 0.        ]
0.05948676364541817 0.9679366524308626 0.5775108286183668 [0.50760061 0.31677631 0.30736725 0.        ]
0.05313897414857304 0.9680262111637822 0.5990336079730105 [0.5117084  0.31590727 0.28531833 0.        ]
0.04941093010451377 0.9630260610109177 0.6007997445119447 [0.52416931 0.31477661 0.28174314 0.        ]
0.04796228206424946 0.9610276139704041 0.6020977232893852 [0.51992684 0.31463124 0.28132435 0.        ]
0.046434585424962004 0.9767721277084578 0.6041114463592083 [0.51821105 0.31328971 0.28207921 0.        ]
0.04506762376425702 0.9891006616308095 0.5996735091382227 [0.51850871 0.31666368 0.28219645 0.        ]
0.044572852639685946 0.9945867941621233 0.5946283774192643 [0.52179573 0.30759113 0.28780272 0.        ]
0.04242390387222263 0.9956282637377558 0.6026411011220467 [0.51679989 0.31327552 0.28444936 0.        ]
0.10174939521626035 0.9680252036015655 0.5155512856783341 [0.54823596 0.37800689 0.23677394 0.        ]
0.16155785942345158 0.9387917267689885 0.4364457098396211 [0.5831476  0.43548913 0.20870347 0.        ]
0.1968923358433631 0.9183838749243095 0.38653969289121964 [0.60383908 0.47009445 0.19313733 0.        ]
0.2203938897473241 0.9084358440040655 0.42978323940688395 [0.56319355 0.48170067 0.14619377 0.        ]
0.22422183331604512 0.9134054163053592 0.4633214193013076 [0.52452895 0.47494239 0.12728124 0.        ]
0.2089870427587139 0.9364071778577925 0.4734237039332423 [0.50303575 0.4662181  0.13922608 0.        ]
0.17389859809875619 0.9454262010600545 0.4928626240966383 [0.48606344 0.44458767 0.1787469  0.        ]
0.1629099913744565 0.948071838658774 0.4976665738091156 [0.48833351 0.43933272 0.18538158 0.        ]
0.2189418217021464 0.9595475743019648 0.45614307210177857 [0.48519752 0.48003792 0.12386267 0.        ]
0.27374679365214594 0.951895738464917 0.4203181271791214 [0.48631796 0.51783743 0.07151553 0.        ]
0.3538707717670721 0.9195819663547679 0.36082233545109016 [0.51569678 0.59557259 0.0182845  0.        ]
0.347541970110314 0.9041932327209138 0.3782619616841047 [0.52537065 0.58958088 0.01016392 0.        ]
0.3379510552359356 0.9091860626504693 0.37627613889464306 [0.51813851 0.58707498 0.01098009 0.        ]
0.33330042130320275 0.935589314411113 0.3786781591847312 [0.52646785 0.59301403 0.01248701 0.        ]
0.32784853055691654 0.9620543254061397 0.3893968857987173 [0.51954049 0.5872591  0.00538714 0.        ]
0.3212026726380122 0.9910814010662022 0.3621857477499116 [0.52800357 0.60279312 0.02137795 0.        ]
0.31236282348837857 0.9906024334080795 0.3918479621161656 [0.51756731 0.58203832 0.00556678 0.        ]
0.30793770823901034 0.990372578560934 0.3906844990989524 [0.52148076 0.58636566 0.00585204 0.        ]
0.3020270790388035 0.990558836638848 0.3775696645418202 [0.52418089 0.5918575  0.01091655 0.        ]
0.2965755376157387 0.9898595836048358 0.3874615541783963 [0.51382361 0.58399802 0.00464069 0.        ]
0.28782268925769744 0.9899249369199912 0.3777325186667999 [0.52436543 0.59062555 0.01137439 0.        ]
0.28185047896306725 0.9940624491467289 0.3904764554705474 [0.51921983 0.58494746 0.00374772 0.        ]
0.2729617030259483 0.9939840970773 0.3924045851502243 [0.51909313 0.58171324 0.00369464 0.        ]
0.2672271729735948 0.9934583753453967 0.3899886703375716 [0.51703984 0.5828887  0.00169022 0.        ]
0.2570014706133506 0.9945129575162427 0.39051162064647255 [0.51485298 0.58213843 0.00570757 0.        ]
0.250754469210826 0.9948221284219884 0.3898566741069603 [0.51776322 0.58476717 0.00408745 0.        ]
0.24083955676473615 0.9953273106112049 0.37867449387573304 [0.52452132 0.58845127 0.01062606 0.        ]
0.23839408788717734 0.9873851142331758 0.3601223516888381 [0.52874939 0.60573965 0.02557969 0.        ]
0.23045730308569495 0.9692529727425624 0.3640284152764832 [0.46740737 0.59498225 0.06321649 0.        ]
0.22736456362153634 0.9416676186443774 0.3654852863050382 [0.41211996 0.55450542 0.10640772 0.        ]
0.2521810553241945 0.9154180345460843 0.3097267803701056 [0.36872103 0.56702248 0.1597407  0.        ]
0.2305039172463903 0.9060282038706134 0.3656927897677257 [0.37457204 0.5226456  0.16931738 0.        ]
0.20938908529151015 0.9099023329978864 0.4083817552643022 [0.39896315 0.49250706 0.18338626 0.        ]
0.18007559919438443 0.9315177751911896 0.44325980685585986 [0.44530843 0.47692794 0.14703905 0.        ]
0.17147901457160106 0.9391971939737689 0.4795332532128324 [0.47278989 0.45123928 0.17053528 0.        ]
0.17500077107360743 0.9331943127568717 0.4978903179089766 [0.48621588 0.43170619 0.20299466 0.        ]
0.17476908142344272 0.9426233331932633 0.4930129932268821 [0.47784967 0.43196357 0.20763325 0.        ]
0.16711368563285994 0.9553517663872296 0.4962211531135267 [0.48959262 0.43506538 0.19728641 0.        ]
0.17256281474066898 0.967273321416808 0.49121358158683814 [0.48026733 0.4289266  0.21608155 0.        ]
0.16479928606665642 0.9815892268645351 0.49498998842005604 [0.49940283 0.42897636 0.20510466 0.        ]
0.19463187721465947 0.9716657401120139 0.4553098314329433 [0.52269946 0.40889319 0.26389061 0.        ]
0.25178770376497334 0.9412144259315542 0.4064348347821126 [0.55447365 0.38324794 0.33570736 0.        ]
0.301004692537593 0.916879562483547 0.4550317596828989 [0.56072723 0.32863129 0.37365531 0.        ]
0.3181592948326035 0.9079157478912543 0.5032287497031562 [0.51569745 0.29723772 0.38329637 0.        ]
0.28161406413058077 0.9154759316552001 0.5528836378582733 [0.50020705 0.30662942 0.34172705 0.        ]
0.26518441057114833 0.9379075580663881 0.5754549765048732 [0.50689319 0.30690389 0.31829726 0.        ]
0.24866886866522858 0.952432870313022 0.5899820474624504 [0.51595439 0.31329245 0.29651492 0.        ]
0.24422462527139632 0.9577761658777967 0.5972553237035833 [0.51581392 0.3131661  0.2874432  0.        ]
0.2841635162165166 0.9637318020468879 0.5378582082641389 [0.55231131 0.30186533 0.33740246 0.        ]
0.3302479558342504 0.9534276428951354 0.4645313603340868 [0.59785312 0.29322865 0.38108242 0.        ]
0.31952421990660934 0.9498076427188663 0.4807582463744211 [0.56301607 0.2936249  0.38296459 0.        ]
0.3221187532479416 0.947035136651772 0.4668303001872363 [0.595733   0.29815441 0.3816955  0.        ]
0.3235422390354681 0.951821856454262 0.4585246739336384 [0.60491646 0.2939178  0.38193995 0.        ]
0.3134763550876688 0.9741667594125342 0.46923808099684394 [0.59113931 0.29678728 0.38383444 0.        ]
0.30441246888935847 0.9860435599470104 0.4771435179188977 [0.58033256 0.29225532 0.37962252 0.        ]
0.29610738154826227 0.9777008714725787 0.4917823361291171 [0.53917494 0.29261597 0.38387859 0.        ]
0.2910261619705252 0.9590531988281494 0.5132587103796029 [0.48836971 0.30170072 0.38257202 0.        ]
0.28243763258525295 0.9534577001784601 0.5139166800657721 [0.49283231 0.29297578 0.37097736 0.        ]
0.2806079998934162 0.9561647925006131 0.5116516744682458 [0.48701169 0.29390325 0.37449147 0.        ]
0.27025822875812233 0.9645568328291079 0.5202470024365136 [0.49281483 0.29685448 0.37162055 0.        ]
0.2602646964668326 0.9803746506110803 0.5242839635590119 [0.49019027 0.30253549 0.3696454  0.        ]
0.25833547816314745 0.9935635987074302 0.5117816308180436 [0.48996027 0.29906771 0.38036509 0.        ]
0.24753003011790223 0.9928926924572732 0.511597735429312 [0.49944409 0.30185245 0.38200286 0.        ]
0.23706079750674333 0.9932066646826989 0.5179639432557696 [0.48729086 0.29867826 0.37353446 0.        ]
0.2178717250034129 0.9872623271124246 0.5411639959130881 [0.49660654 0.29826091 0.34590918 0.        ]
0.20100057138601574 0.9744876314750417 0.5746339295234716 [0.51633151 0.30688254 0.31620332 0.        ]
0.19309461862155367 0.9652916275430627 0.5887781518039291 [0.51852083 0.30667554 0.29882808 0.        ]
1.0040867569080092 1.0 0.5005252959514375 [0.5528698  0.39327571 0.24217772 0.        ]
0.5404317353677748 0.9650561264666381 0.5662822042790316 [0.53335016 0.33725184 0.2791183  0.        ]
0.37617353092753797 0.960928435326067 0.5914609619525935 [0.52670958 0.3155839  0.28231264 0.        ]
0.2865373914355052 0.9616628454697499 0.5918178338454531 [0.53502823 0.31281471 0.28878331 0.        ]
0.2276676124874108 0.9640478446929358 0.5911042378560969 [0.5281062  0.31595434 0.28234622 0.        ]
0.19266235909271523 0.9657189239633691 0.5904829491858681 [0.52840197 0.31229013 0.28698916 0.        ]
0.1661145869047762 0.9899022263726891 0.5893201087405227 [0.5318359  0.31230475 0.28924062 0.        ]
0.20457461875044017 0.9707063683483635 0.5324746241572 [0.5842092  0.29451523 0.33831742 0.        ]
0.23453049328456338 0.9464826702861054 0.4757872253279157 [0.62592953 0.29459205 0.3841299  0.        ]
0.21472861592113518 0.9364345558464995 0.47874558675978673 [0.63343543 0.29258272 0.38149443 0.        ]
0.20453232790416925 0.9356409499553389 0.4590472692712831 [0.64654772 0.3035461  0.38366946 0.        ]
0.1545791077915777 0.9477749374693867 0.5360722989498033 [0.59119071 0.30291021 0.33979435 0.        ]
0.13521200982361414 0.9538413544436644 0.5816102596983487 [0.54539415 0.3077281  0.30437219 0.        ]
0.12660141202925349 0.9399868154095383 0.5897120852868918 [0.53112434 0.31469284 0.28497418 0.        ]
0.12899852821690305 0.9341549413083109 0.5883728099815456 [0.51491413 0.31328814 0.28315922 0.        ]
0.11253171294418873 0.9409627404705745 0.5926458945885197 [0.52862672 0.31346791 0.28496643 0.        ]
0.10625198591406304 0.9677309482994175 0.5924799267696935 [0.52763679 0.31335706 0.28538769 0.        ]
0.10199487100432339 0.9879544216071952 0.5915724363032933 [0.52643759 0.31574013 0.28193477 0.        ]
0.09474091782897798 0.9939790413584311 0.5930449027129537 [0.53225518 0.312792   0.28732928 0.        ]
0.13753140281088702 0.9704911462117655 0.5224428872329004 [0.5658242  0.37164497 0.25148145 0.        ]
0.20568579767022116 0.9383761522374778 0.41788254655969703 [0.60023654 0.44158437 0.21426886 0.        ]
0.2345708424799268 0.9172786415850844 0.371493059206927 [0.61273192 0.47575187 0.19466987 0.        ]
0.2619692303111069 0.9053840961762142 0.36067359053759857 [0.59399794 0.50688243 0.16033281 0.        ]
0.22787904030865247 0.9120256799283321 0.4749503705945171 [0.52310497 0.45661872 0.15416979 0.        ]
0.24117499853895413 0.9249292448057759 0.48328449766815174 [0.46589274 0.46050707 0.15485851 0.        ]
0.263496645893559 0.9277562872568729 0.4721437948786935 [0.4644698  0.48129292 0.12099337 0.        ]
0.26400572873396105 0.9278213465116492 0.4722524169612081 [0.44275876 0.48735545 0.12592314 0.        ]
0.30463318065390194 0.9339314919382968 0.44405552090410294 [0.43418625 0.53041079 0.08891427 0.        ]
0.34837529716379145 0.9327777662966659 0.3714087692134178 [0.48115754 0.59386842 0.04806675 0.        ]
0.3577848284742112 0.9221268917648322 0.39320569326471844 [0.52424594 0.59451421 0.0127391  0.        ]
0.3467522249521109 0.9237102604975024 0.3972100349317488 [0.51536088 0.58773879 0.00690648 0.        ]
0.3344857563851066 0.9295233258101822 0.3957572816058279 [0.51459842 0.59087172 0.01192997 0.        ]
0.3246046944487483 0.9510329400580919 0.4186040050691799 [0.51122757 0.58206289 0.00539528 0.        ]
0.31311226146910387 0.9794374364036036 0.3948356252338322 [0.51056458 0.58237868 0.0088029  0.        ]
0.3075095104410257 0.9929241815589782 0.4138536454561971 [0.51847365 0.58516512 0.00550255 0.        ]
0.2974980764942218 0.9949981910120246 0.4181984570696985 [0.51584104 0.58132633 0.00528872 0.        ]
0.28967611850774394 0.9945781555645847 0.3961813539293288 [0.51588286 0.58924267 0.01160105 0.        ]
0.2838105910839525 0.9953012457310927 0.39717060630466805 [0.51558015 0.58775449 0.00696186 0.        ]
0.27685951499410183 0.9944507501323882 0.39453496935243343 [0.51622644 0.59332025 0.01277642 0.        ]
0.26925198065526124 0.9946281050717624 0.39645917632254973 [0.52275177 0.58857012 0.01024117 0.        ]
0.263411636301339 0.9941915710302783 0.4166204710638763 [0.52035649 0.58282618 0.00457107 0.        ]
0.2566583041964749 0.9946186683988942 0.3983219398872534 [0.51229685 0.58727739 0.00875504 0.        ]
0.2505315934999828 0.9555250622476364 0.40824992274866084 [0.43163207 0.56036988 0.08561526 0.        ]
0.24341828489893766 0.9319313226251997 0.4362895628825868 [0.40993421 0.52822651 0.11658919 0.        ]
0.2449557042792649 0.9131474186578311 0.4350684266335172 [0.39168867 0.50903829 0.15733451 0.        ]
0.271003985169759 0.9006650588019323 0.3784715692506307 [0.35625271 0.51951148 0.20257578 0.        ]
0.23187106102603847 0.91414249319707 0.4450862187125662 [0.39714805 0.49563545 0.17086654 0.        ]
0.21328382876166074 0.9489640973373055 0.4679447458903785 [0.42251705 0.48464676 0.15025117 0.        ]
0.1963613912061143 0.9537754555218564 0.48164818156115846 [0.46059302 0.46372227 0.15191794 0.        ]
0.19307261583786633 0.9437012431609629 0.49490861963180544 [0.48422884 0.43338516 0.20092682 0.        ]
0.17246442561308817 0.9351796544185805 0.49417465810156486 [0.50127517 0.42756002 0.207767   0.        ]
0.16942845518444954 0.9491926198298093 0.49846190184445865 [0.48844293 0.43910339 0.18692061 0.        ]
0.16760673614094412 0.9595545864875 0.49720528095180877 [0.49116405 0.43465981 0.1962374  0.        ]
0.16331763636397487 0.9753068091487093 0.49630538910163363 [0.49097463 0.43979061 0.18679111 0.        ]
0.15931884000054602 0.9875887638400043 0.4956706458297998 [0.49562111 0.4426717  0.17764547 0.        ]
0.16819422892243702 0.981597822562341 0.48449996759689373 [0.50823425 0.4210357  0.22361602 0.        ]
0.19539084644905727 0.9578513930265414 0.4506359043351602 [0.53282254 0.39949405 0.28316104 0.        ]
0.24561993348831412 0.9274323895325982 0.4236245152551139 [0.56050193 0.36390721 0.35108453 0.        ]
0.28951022138187105 0.9023954372646409 0.4748679260735052 [0.58656756 0.31195997 0.38272288 0.        ]
0.24930046657698843 0.9062011593632395 0.5547460482826346 [0.54249142 0.30530339 0.32938647 0.        ]
0.22652248166899494 0.9269587799736448 0.5837417972821448 [0.53297847 0.30976744 0.29804042 0.        ]
0.21860095812478328 0.9459678646844729 0.5916629563648645 [0.53655145 0.3126581  0.28955228 0.        ]
0.2249633113282276 0.9563654764775289 0.5888057237380441 [0.53865174 0.30639092 0.29722249 0.        ]
0.2749711766531848 0.958601473944403 0.5325429383802682 [0.59181644 0.29718776 0.34554236 0.        ]
0.307690506309596 0.9530743426655901 0.4867568428336039 [0.62637532 0.29415313 0.37354529 0.        ]
0.3132359221122756 0.9424789081268876 0.4738701746019588 [0.63468521 0.29563568 0.3813973  0.        ]
0.30757781987278554 0.9433722366047333 0.48309011095580356 [0.62923657 0.29250398 0.37849622 0.        ]
0.3023442559839891 0.9543885070608344 0.4855252363449686 [0.62837273 0.29310726 0.37554439 0.        ]
0.307715133942151 0.9802766277948973 0.474419546485237 [0.6364301  0.29360115 0.38310885 0.        ]
0.30260673863073784 0.9947487150107477 0.47439552926438444 [0.63483038 0.29501762 0.38171862 0.        ]
0.2991020249723513 0.9958842411756964 0.4798460133679337 [0.63154119 0.29234754 0.38144253 0.        ]
0.2962003005690627 0.9959222614328496 0.4773286864882913 [0.63277244 0.29244098 0.38329591 0.        ]
0.2896476521297366 0.9962632790012982 0.47902592839325453 [0.63312066 0.2927274  0.38113401 0.        ]
0.28485292563353926 0.9977213061719731 0.4743445278580061 [0.63652432 0.29440527 0.38200888 0.        ]
0.27633164400356075 0.9967451454074048 0.48101217249675554 [0.62693636 0.29241245 0.38182747 0.        ]
0.2594541882876787 0.9848142912010818 0.5076239028149646 [0.59475745 0.29231944 0.36797327 0.        ]
0.247757194735208 0.966509046811388 0.5302989110615599 [0.54772283 0.29695486 0.35678414 0.        ]
0.2531484962921872 0.9479303640142547 0.528317706018928 [0.49897392 0.2971521  0.35662356 0.        ]
0.22968481782696304 0.9398904829405559 0.5571293312383332 [0.4986313  0.30593099 0.31951715 0.        ]
0.21577708297709758 0.9429935193824223 0.5757386371942633 [0.50700268 0.3074998  0.30474837 0.        ]
0.20079307919129957 0.954788251681396 0.5874907614214899 [0.52641061 0.31210596 0.2922774  0.        ]
0.19205345799874862 0.9652164368373208 0.5915634666064695 [0.52671422 0.31526348 0.28257584 0.        ]
0.18400211990447768 0.9703900701383072 0.5905927932592875 [0.53358497 0.31380839 0.28703556 0.        ]
0.18298989095361012 0.9819679864454228 0.5838307645520783 [0.5111549  0.30658247 0.28992732 0.        ]
0.17445101840505572 0.987682894230923 0.5833525864506709 [0.51385558 0.3064863  0.29054998 0.        ]
0.16348203701151423 0.9895402007872719 0.5883315680736111 [0.53308393 0.30705415 0.29725517 0.        ]
0.15783811317239388 0.9888995611060458 0.5844956303233135 [0.51289447 0.31174678 0.28946963 0.        ]
0.14797860271499153 0.9877383692383521 0.5889225905967191 [0.5383493  0.30717399 0.29605474 0.        ]
0.14214706017196366 0.9882499071415906 0.5892619457523162 [0.51812205 0.31180657 0.28335728 0.        ]
0.13875445889735147 0.9871708127689284 0.5799838812727703 [0.5059279  0.3066489  0.29761225 0.        ]
0.12758513957286055 0.9870818261824893 0.5841994797541576 [0.51665957 0.30919049 0.28481295 0.        ]
0.11916276010642834 0.9883263727917311 0.58898463350174 [0.51796166 0.31192966 0.28374066 0.        ]
0.10997340098781763 0.9880616191797835 0.5931011181307408 [0.52697508 0.31326683 0.28457758 0.        ]
0.13031355545175125 0.9669834235105274 0.5354313227118067 [0.55595927 0.37328025 0.24289913 0.        ]
0.16059964899546833 0.9422816135409434 0.4664605025651929 [0.57978206 0.41941435 0.21573746 0.        ]
0.209400325051807 0.9190067549308757 0.3692102204500892 [0.61460718 0.4760075  0.19589963 0.        ]
0.14522413192181913 0.9247718201029612 0.4822283576666773 [0.57355449 0.40977497 0.21998967 0.        ]
0.100260443534389 0.9325201736325611 0.5560899517647784 [0.54716801 0.34221592 0.26715596 0.        ]
0.08778739209495141 0.9330447080556823 0.5899910717570889 [0.53032765 0.31452448 0.28479746 0.        ]
0.08578337589694376 1.0 0.49940402111349946 [0.5562134  0.39745518 0.23485804 0.        ]
0.09256967443028488 0.9716971657809014 0.5556403393601262 [0.54461328 0.35068036 0.2645524  0.        ]
0.1119221645209656 0.9555345101955832 0.5805558220505365 [0.53392397 0.30888742 0.29413245 0.        ]
0.08148440782087443 0.9561282494099682 0.5839441017530599 [0.53709262 0.31207003 0.29046696 0.        ]
0.06589327897022801 0.958170677408302 0.5825665432665041 [0.54059607 0.31264056 0.29169633 0.        ]
0.05589333077486139 0.9607294871279254 0.5829809043581147 [0.53380343 0.31577528 0.28548001 0.        ]
0.048296867014295815 0.9820051452024963 0.583861327162232 [0.53767474 0.31186883 0.29087833 0.        ]
0.10237869160784953 0.971930624084385 0.5333796538414992 [0.58623567 0.29462803 0.34330183 0.        ]
0.1407801104817166 0.9486740802694116 0.4811235556228161 [0.63045213 0.29351455 0.37976017 0.        ]
0.13468600573174028 0.9384370498906456 0.4685384539134042 [0.64159041 0.29935055 0.38273446 0.        ]
0.11974699954414914 0.9380109928250487 0.4776988546942854 [0.63476137 0.29308173 0.38168977 0.        ]
0.07842035778505164 0.949311686769311 0.5487486267243236 [0.58477317 0.30706574 0.32809315 0.        ]
0.06852496929435066 0.9505464283386716 0.5809999586720448 [0.5385406  0.3077928  0.29557026 0.        ]
0.08038472715166316 0.9349448368939735 0.5798456452493261 [0.51530454 0.31269459 0.28283408 0.        ]
0.06313914070977195 0.9352615796311826 0.5824546366510363 [0.53329791 0.30698583 0.29338391 0.        ]
0.06332652516941664 0.9454504082324712 0.580826054414303 [0.52666762 0.31235037 0.28646075 0.        ]
0.05700793039014304 0.9731131223803046 0.5834007464611629 [0.53290276 0.31488115 0.28589039 0.        ]
0.05293651966755439 0.9908565065739268 0.5845882709991942 [0.53409536 0.31278376 0.28822084 0.        ]
0.10084371223657089 0.9660393495666094 0.5217280877867898 [0.56331705 0.3796009  0.2415889  0.        ]
0.15965248383121125 0.9361276015254906 0.42654461283139794 [0.59558612 0.44161173 0.20891406 0.        ]
0.19385365924082554 0.915453312350906 0.3639457562897652 [0.61828215 0.48050542 0.19613851 0.        ]
0.1988676334902542 0.910238100480894 0.44045507728471855 [0.56025341 0.47156842 0.15413425 0.        ]
0.21628908711961092 0.9117545339389708 0.47590519815585913 [0.50541816 0.47217356 0.13346085 0.        ]
0.2264649615468334 0.9252942250688133 0.49004070990997783 [0.46718408 0.47459889 0.13001676 0.        ]
0.22259005023190057 0.9300719676969688 0.4850780733559657 [0.46184141 0.47926122 0.1297983  0.        ]
0.2152221595241157 0.9359836871336196 0.48739436057873975 [0.45911691 0.47845051 0.12947511 0.        ]
0.25461782783487036 0.954707422057333 0.4663594037512497 [0.44281102 0.51166813 0.09516987 0.        ]
0.3105683542765632 0.947207283265352 0.3678840276525792 [0.4690896  0.58487699 0.05520425 0.        ]
0.3273531384601569 0.9299721554781193 0.42146076264020216 [0.51251124 0.58180605 0.00523995 0.        ]
0.3180585216286515 0.923550109471513 0.38445475389535233 [0.51895561 0.58877619 0.00895615 0.        ]
0.30677926092262264 0.9285833671189617 0.42097951324891436 [0.51151373 0.58235205 0.00550037 0.        ]
0.2994411907323701 0.9466879609708323 0.37717316249758814 [0.52605327 0.59270576 0.01209107 0.        ]
0.28871742017735186 0.9739008795688364 0.42006991226611295 [0.51601518 0.58229212 0.0053304  0.        ]
0.2801406916239332 0.9925861063482336 0.38304339422337313 [0.52464196 0.58744598 0.01050669 0.        ]
0.2743151436253883 0.9930398638040268 0.4095237115280313 [0.51462021 0.58544535 0.00519684 0.        ]
0.266051399623786 0.9927514818922092 0.4217717521496456 [0.51743897 0.58161782 0.00351752 0.        ]
0.2584611802700184 0.9934817830583528 0.4076600714317698 [0.52188516 0.58360552 0.00604802 0.        ]
0.25276863705250274 0.9939554292874478 0.38016614048435426 [0.52665882 0.58985118 0.01110955 0.        ]
0.24766560262267248 0.9935225540846301 0.3778590441119612 [0.52228369 0.59315935 0.01177869 0.        ]
0.2406345166938116 0.9934450597983024 0.38176346885103907 [0.52468831 0.58996369 0.00994629 0.        ]
0.23015723279505065 0.9590875295338716 0.4151352348240126 [0.44141152 0.56143704 0.07589413 0.        ]
0.23305686572324338 0.9590843646052546 0.4096865959201092 [0.51795042 0.58556912 0.00374007 0.        ]
0.1960409789127727 0.9492082619508586 0.44168449451537106 [0.49954135 0.51453923 0.0688765  0.        ]
0.17921219157932453 0.9336920136309095 0.47799586691009 [0.50044086 0.47934795 0.11571097 0.        ]
0.17705806687033399 0.9231902412367043 0.4890390042631587 [0.47998193 0.46470329 0.14763492 0.        ]
0.1806696647036047 0.9150876014332848 0.4949789313955226 [0.4767929  0.43756843 0.19929966 0.        ]
0.17174455187535956 0.9169712671714971 0.49694817755660825 [0.48115457 0.45103305 0.16665277 0.        ]
0.1723413173843991 0.9453550362092563 0.4991722493959814 [0.48271771 0.4343261  0.19866058 0.        ]
0.17185445095013385 0.9651569534953827 0.4956724579147007 [0.46449092 0.44902384 0.17825214 0.        ]
0.16678606549369954 0.9784972874768515 0.49709405311724403 [0.47009993 0.44687608 0.18043018 0.        ]
0.19002728748966105 0.9745273666738282 0.4535300995989472 [0.42490232 0.45902903 0.20535498 0.        ]
0.22935018156975645 0.9529091473831881 0.3948257926149018 [0.38185563 0.47156204 0.25160192 0.        ]
0.2809234292629361 0.9282639504425273 0.28767516681734895 [0.34051556 0.50433778 0.30344839 0.        ]
0.274954349251017 0.9216680985030936 0.2983706768511908 [0.32971562 0.51609629 0.28014231 0.        ]
0.22429713101792692 0.9311647199896038 0.3949260524351692 [0.36643289 0.49173346 0.23079645 0.        ]
0.18188664376291552 0.9431812967024248 0.45841554951372 [0.41422409 0.4692294  0.18980646 0.        ]
0.1573079057689583 0.9310641243917007 0.488247279460356 [0.46180574 0.46077309 0.16451267 0.        ]
0.16127493088126799 0.9186100903997182 0.49537546155419854 [0.4834061  0.43352841 0.20382702 0.        ]
0.15250792418196496 0.9265806592181905 0.496212293766923 [0.46981525 0.44322444 0.1887448  0.        ]
0.14785724802501432 0.9495919580434454 0.4983936977655518 [0.47590853 0.43885766 0.19246961 0.        ]
0.14329222211146858 0.9706038268221782 0.4980800002247547 [0.47899327 0.43679166 0.19557197 0.        ]
0.1423425288602532 0.9822883519715243 0.4963351603245007 [0.47028577 0.4351444  0.20472282 0.        ]
0.17296688761994056 0.9731154243083456 0.47347680593850505 [0.49862962 0.41031566 0.2559978  0.        ]
0.2281406907934163 0.9433359014855609 0.42282195692833235 [0.52925976 0.3894058  0.32372212 0.        ]
0.29099596768091407 0.9163717749040121 0.46061638098023566 [0.54655481 0.33344213 0.37312813 0.        ]
0.31663388482842114 0.9029054264779951 0.5103872095864833 [0.56285671 0.29302729 0.37481632 0.        ]
0.2688075873548736 0.9129443087391098 0.5599312354611407 [0.54051598 0.30646257 0.322915   0.        ]
0.25455900169856704 0.9362223193114183 0.5787581108888203 [0.53332972 0.30640318 0.29942648 0.        ]
0.24577568249435977 0.9526411255247018 0.5849211538243236 [0.53298853 0.31196322 0.28865759 0.        ]
0.24963730810365514 0.9606627011655782 0.5816263851451544 [0.53316481 0.30727915 0.29427687 0.        ]
0.3470097554090724 0.9532451011443445 0.41519215279700405 [0.55418884 0.23270716 0.37335102 0.        ]
0.4399086210664874 0.9197444215096758 0.2871455439884838 [0.57863217 0.16670213 0.44679323 0.        ]
0.5165210624746503 0.8825862889188292 0.7034461683071965 [0.58090079 0.10117839 0.50457351 0.        ]
0.5909297141076574 0.853848653158399 0.7523082115518545 [0.57931291 0.03465747 0.56097927 0.        ]
0.6025360707207684 0.8536257495571284 0.7855648982849901 [0.56627761 0.01080054 0.5735682  0.        ]
1.1824132445408473 0.6101448556987796 0.8308154303365533 [0.57360963 0.00457255 0.58596641 1.        ]
0.05638228447998574 1.0 0.15645293729339438 [0.57036253 0.41054494 0.22364072 0.        ]
0.09427273935047661 0.966194910718993 0.354455588282184 [0.50495192 0.39354649 0.22173253 0.        ]
0.09582388167766477 0.9580876772070173 0.39643305117531374 [0.47133353 0.39534404 0.22841338 0.        ]
0.08243397271727992 0.9571776604360153 0.396267131291398 [0.46519192 0.39783581 0.20997806 0.        ]
0.08034115246570057 0.9560562889995158 0.3943638633375846 [0.45215637 0.40855147 0.20564314 0.        ]
0.1070835339710408 0.9490880783242983 0.38065573428243293 [0.41571875 0.42870996 0.19848777 0.        ]
0.11356114292293716 0.9581901397278025 0.3805599616073707 [0.40134639 0.43793807 0.17995716 0.        ]
0.09705590395916633 0.9623374226612068 0.3780458656774199 [0.41566815 0.42986461 0.16591346 0.        ]
0.06710958894773483 0.9690313685956498 0.3958881633024887 [0.44034334 0.4114133  0.20510099 0.        ]
0.061287882232818336 0.9726885232477266 0.39551930802000196 [0.44337417 0.40877502 0.21421283 0.        ]
0.08635248432145191 0.9716141216983352 0.37242958450050045 [0.42697523 0.43316657 0.15350029 0.        ]
0.10829438519018712 0.9621475489807277 0.3529878439481618 [0.43836949 0.43572893 0.1162674  0.        ]
0.15609923507191623 0.9398820516960931 0.27767340709664595 [0.50374649 0.47904981 0.07656185 0.        ]
0.19692789840032374 0.9175870588224768 0.260580116942685 [0.505225   0.50511424 0.02594278 0.        ]
0.12181418198433801 0.9254302010790548 0.3147565354000043 [0.46616789 0.44511227 0.08566998 0.        ]
0.0939330065129342 0.9412590397423793 0.36254098481987795 [0.43387919 0.43383096 0.12629933 0.        ]
0.08668455566828231 0.9354527099679053 0.3813932075578543 [0.40913157 0.43169901 0.17432428 0.        ]
0.07493549179944188 0.9252578634782779 0.3888012776127266 [0.44202509 0.41848153 0.19593926 0.        ]
0.07581480431098368 0.9220817582305699 0.39685225014611647 [0.45354375 0.40404364 0.20809012 0.        ]
0.09055356543964378 0.9428006139753988 0.3951976327802653 [0.46633653 0.39594438 0.23555103 0.        ]
0.09461205786413861 0.9521488903189143 0.3885878363834049 [0.47510438 0.39311408 0.24389487 0.        ]
0.08812290358306163 0.9622158067629082 0.3891287838219898 [0.48136898 0.39329078 0.23730052 0.        ]
0.06918907358446581 0.9760797170311543 0.39637106183527665 [0.45262574 0.40536759 0.21408503 0.        ]
0.1136606379365875 0.9736570036058962 0.3422858285633569 [0.47913845 0.39751833 0.27957622 0.        ]
0.1766112122871172 0.9524615125475229 0.23947779294247484 [0.51310288 0.39958    0.34693737 0.        ]
0.2352576041001374 0.9249586927470109 0.12351245767817168 [0.55511188 0.40703528 0.40440612 0.        ]
0.21118491087946178 0.9178399228380457 0.29213197964230564 [0.53613908 0.34263795 0.37633353 0.        ]
0.21498667891335752 0.9144934831905416 0.4500000585694356 [0.50386525 0.28504101 0.35835722 0.        ]
0.24721375078853547 0.9195561400904063 0.5131444033871285 [0.49793806 0.23007371 0.36036106 0.        ]
0.3070325572819214 0.9115573975191338 0.5384292209065382 [0.53419988 0.18512514 0.41082308 0.        ]
0.35104489799077104 0.9008919480856988 0.6024272379156399 [0.54025399 0.13140357 0.43138357 0.        ]
0.39507432062021836 0.9024586302748326 0.6645870450048739 [0.52632304 0.08536523 0.46756021 0.        ]
0.43944282052858624 0.8994124840452865 0.7191217033052615 [0.51729325 0.02756188 0.4863905  0.        ]
0.45005664766757475 0.9060251790220284 0.7404444953881245 [0.52444551 0.00993298 0.50203637 0.        ]
0.4377974092586305 0.9248846578990214 0.7420512069216072 [0.52368725 0.00818443 0.50056913 0.        ]
1.1021033695533726 0.6233295210906797 0.9220146376431541 [0.5317208  0.00449647 0.50394936 1.        ]
