0 exploration 100 None None
1 exploration 100 None None
2 exploration_path 21 None [4.77866796e-04 4.15958090e-01 6.01597267e-01 1.00000000e+00]
3 exploration_path 10 None [4.77866796e-04 4.15958090e-01 6.01597267e-01 1.00000000e+00]
4 exploration_path 9 None [0.41875417 0.00406654 0.58582253 1.        ]
5 exploration_path 100 None [0.41875417 0.00406654 0.58582253 1.        ]
6 exploration_path 8 None [4.77866796e-04 4.15958090e-01 6.01597267e-01 1.00000000e+00]
7 exploration_path 11 None [4.77866796e-04 4.15958090e-01 6.01597267e-01 1.00000000e+00]
8 exploration_path 14 None [4.77866796e-04 4.15958090e-01 6.01597267e-01 1.00000000e+00]
9 exploration_path 7 None [4.77866796e-04 4.15958090e-01 6.01597267e-01 1.00000000e+00]
10 exploration_path 10 None [4.77866796e-04 4.15958090e-01 6.01597267e-01 1.00000000e+00]
11 improvement 6 0 [4.77866796e-04 4.15958090e-01 6.01597267e-01 1.00000000e+00]
12 improvement 6 0 [4.77866796e-04 4.15958090e-01 6.01597267e-01 1.00000000e+00]
13 exploration_path 53 None [0.41875417 0.00406654 0.58582253 1.        ]
14 exploration_path 9 None [0.41875417 0.00406654 0.58582253 1.        ]
15 improvement 6 0 [4.77866796e-04 4.15958090e-01 6.01597267e-01 1.00000000e+00]
16 exploration_path 9 None [0.41875417 0.00406654 0.58582253 1.        ]
17 exploration_path 16 None [0.41875417 0.00406654 0.58582253 1.        ]
18 exploration_path 12 None [0.41875417 0.00406654 0.58582253 1.        ]
19 exploration_path 8 None [0.41875417 0.00406654 0.58582253 1.        ]
20 improvement 17 2 [0.41875417 0.00406654 0.58582253 1.        ]
21 improvement 13 2 [0.41875417 0.00406654 0.58582253 1.        ]
22 improvement 12 2 [0.41875417 0.00406654 0.58582253 1.        ]
23 improvement 10 0 [4.77866796e-04 4.15958090e-01 6.01597267e-01 1.00000000e+00]
24 improvement 14 0 [4.77866796e-04 4.15958090e-01 6.01597267e-01 1.00000000e+00]
25 improvement 22 2 [0.41875417 0.00406654 0.58582253 1.        ]
26 improvement 7 0 [4.77866796e-04 4.15958090e-01 6.01597267e-01 1.00000000e+00]
27 improvement 13 2 [0.41875417 0.00406654 0.58582253 1.        ]
28 improvement 6 0 [4.77866796e-04 4.15958090e-01 6.01597267e-01 1.00000000e+00]
29 improvement 11 2 [0.41875417 0.00406654 0.58582253 1.        ]
30 improvement 6 0 [4.77866796e-04 4.15958090e-01 6.01597267e-01 1.00000000e+00]
31 improvement 15 2 [0.41875417 0.00406654 0.58582253 1.        ]
32 improvement 8 0 [4.77866796e-04 4.15958090e-01 6.01597267e-01 1.00000000e+00]
33 improvement 9 2 [0.41875417 0.00406654 0.58582253 1.        ]
34 improvement 7 0 [4.77866796e-04 4.15958090e-01 6.01597267e-01 1.00000000e+00]
35 improvement 15 2 [0.41875417 0.00406654 0.58582253 1.        ]
36 improvement 7 0 [4.77866796e-04 4.15958090e-01 6.01597267e-01 1.00000000e+00]
37 improvement 15 2 [0.41875417 0.00406654 0.58582253 1.        ]
38 improvement 9 0 [4.77866796e-04 4.15958090e-01 6.01597267e-01 1.00000000e+00]
39 improvement 32 2 [0.41875417 0.00406654 0.58582253 1.        ]
40 improvement 6 0 [4.77866796e-04 4.15958090e-01 6.01597267e-01 1.00000000e+00]
41 improvement 15 2 [0.41875417 0.00406654 0.58582253 1.        ]
42 improvement 8 0 [4.77866796e-04 4.15958090e-01 6.01597267e-01 1.00000000e+00]
43 improvement 9 2 [0.41875417 0.00406654 0.58582253 1.        ]
44 improvement 7 0 [4.77866796e-04 4.15958090e-01 6.01597267e-01 1.00000000e+00]
45 improvement 15 2 [0.41875417 0.00406654 0.58582253 1.        ]
46 improvement 7 0 [4.77866796e-04 4.15958090e-01 6.01597267e-01 1.00000000e+00]
47 improvement 15 2 [0.41875417 0.00406654 0.58582253 1.        ]
48 improvement 9 0 [4.77866796e-04 4.15958090e-01 6.01597267e-01 1.00000000e+00]
49 improvement 32 2 [0.41875417 0.00406654 0.58582253 1.        ]
50 improvement 100 0 [4.77866796e-04 4.15958090e-01 6.01597267e-01 1.00000000e+00]
51 improvement 100 2 [0.41875417 0.00406654 0.58582253 1.        ]
52 exploration_path 16 0 [4.77866796e-04 4.15958090e-01 6.01597267e-01 1.00000000e+00]
53 improvement 15 0 [4.77866796e-04 4.15958090e-01 6.01597267e-01 1.00000000e+00]
54 improvement 14 0 [4.77866796e-04 4.15958090e-01 6.01597267e-01 1.00000000e+00]
55 improvement 17 0 [4.77866796e-04 4.15958090e-01 6.01597267e-01 1.00000000e+00]
56 exploration_path 11 2 [0.41875417 0.00406654 0.58582253 1.        ]
57 improvement 100 0 [4.77866796e-04 4.15958090e-01 6.01597267e-01 1.00000000e+00]
58 exploration_path 16 0 [4.77866796e-04 4.15958090e-01 6.01597267e-01 1.00000000e+00]
59 exploration_path 8 2 [0.41875417 0.00406654 0.58582253 1.        ]
60 exploration_path 21 2 [0.41875417 0.00406654 0.58582253 1.        ]
61 exploration_path 12 2 [0.41875417 0.00406654 0.58582253 1.        ]
62 exploration_path 9 2 [0.41875417 0.00406654 0.58582253 1.        ]
63 exploration_path 17 0 [4.77866796e-04 4.15958090e-01 6.01597267e-01 1.00000000e+00]
64 exploration_path 9 2 [0.41875417 0.00406654 0.58582253 1.        ]
65 exploration_path 66 0 [4.77866796e-04 4.15958090e-01 6.01597267e-01 1.00000000e+00]
66 exploration_path 9 2 [0.41875417 0.00406654 0.58582253 1.        ]
67 exploration_path 15 0 [4.77866796e-04 4.15958090e-01 6.01597267e-01 1.00000000e+00]
68 exploration_path 12 2 [0.41875417 0.00406654 0.58582253 1.        ]
69 exploration_path 12 2 [0.41875417 0.00406654 0.58582253 1.        ]
70 exploration_path 19 0 [4.77866796e-04 4.15958090e-01 6.01597267e-01 1.00000000e+00]
71 exploration_path 20 0 [4.77866796e-04 4.15958090e-01 6.01597267e-01 1.00000000e+00]
72 improvement 8 0 [0.41875417 0.00406654 0.58582253 1.        ]
73 improvement 9 0 [0.41875417 0.00406654 0.58582253 1.        ]
74 improvement 23 0 [4.77866796e-04 4.15958090e-01 6.01597267e-01 1.00000000e+00]
75 improvement 10 0 [0.41875417 0.00406654 0.58582253 1.        ]
76 improvement 14 0 [4.77866796e-04 4.15958090e-01 6.01597267e-01 1.00000000e+00]
77 improvement 8 0 [0.41875417 0.00406654 0.58582253 1.        ]
78 improvement 15 0 [4.77866796e-04 4.15958090e-01 6.01597267e-01 1.00000000e+00]
79 improvement 8 0 [0.41875417 0.00406654 0.58582253 1.        ]
80 improvement 14 0 [4.77866796e-04 4.15958090e-01 6.01597267e-01 1.00000000e+00]
81 improvement 11 0 [0.41875417 0.00406654 0.58582253 1.        ]
82 improvement 18 0 [4.77866796e-04 4.15958090e-01 6.01597267e-01 1.00000000e+00]
83 improvement 13 0 [0.41875417 0.00406654 0.58582253 1.        ]
84 improvement 15 0 [4.77866796e-04 4.15958090e-01 6.01597267e-01 1.00000000e+00]
85 improvement 9 0 [0.41875417 0.00406654 0.58582253 1.        ]
86 improvement 17 0 [4.77866796e-04 4.15958090e-01 6.01597267e-01 1.00000000e+00]
87 improvement 10 0 [0.41875417 0.00406654 0.58582253 1.        ]
88 improvement 17 0 [4.77866796e-04 4.15958090e-01 6.01597267e-01 1.00000000e+00]
89 improvement 11 0 [0.41875417 0.00406654 0.58582253 1.        ]
90 improvement 15 0 [4.77866796e-04 4.15958090e-01 6.01597267e-01 1.00000000e+00]
91 improvement 11 0 [0.41875417 0.00406654 0.58582253 1.        ]
