0 exploration 100 None None
1 exploration 100 None None
2 exploration_path 8 None [0.41557915 0.00236402 0.58253448 1.        ]
3 exploration_path 11 None [0.41557915 0.00236402 0.58253448 1.        ]
4 exploration_path 18 None [0.00303188 0.41751287 0.60193917 1.        ]
5 exploration_path 40 None [0.00303188 0.41751287 0.60193917 1.        ]
6 exploration_path 9 None [0.41557915 0.00236402 0.58253448 1.        ]
7 exploration_path 100 None [0.00303188 0.41751287 0.60193917 1.        ]
8 exploration_path 17 None [0.00303188 0.41751287 0.60193917 1.        ]
9 exploration_path 8 None [0.41557915 0.00236402 0.58253448 1.        ]
10 exploration_path 100 None [0.00303188 0.41751287 0.60193917 1.        ]
11 exploration_path 9 None [0.41557915 0.00236402 0.58253448 1.        ]
12 exploration_path 18 None [0.00303188 0.41751287 0.60193917 1.        ]
13 exploration_path 12 None [0.00303188 0.41751287 0.60193917 1.        ]
14 exploration_path 10 None [0.41557915 0.00236402 0.58253448 1.        ]
15 exploration_path 11 None [0.00303188 0.41751287 0.60193917 1.        ]
16 exploration_path 12 None [0.41557915 0.00236402 0.58253448 1.        ]
17 exploration_path 10 None [0.00303188 0.41751287 0.60193917 1.        ]
18 improvement 9 3 [0.41557915 0.00236402 0.58253448 1.        ]
19 improvement 14 3 [0.41557915 0.00236402 0.58253448 1.        ]
20 improvement 10 3 [0.41557915 0.00236402 0.58253448 1.        ]
21 improvement 16 2 [0.00303188 0.41751287 0.60193917 1.        ]
22 improvement 10 3 [0.41557915 0.00236402 0.58253448 1.        ]
23 improvement 15 2 [0.00303188 0.41751287 0.60193917 1.        ]
24 improvement 8 3 [0.41557915 0.00236402 0.58253448 1.        ]
25 improvement 100 2 [0.00303188 0.41751287 0.60193917 1.        ]
26 improvement 9 3 [0.41557915 0.00236402 0.58253448 1.        ]
27 exploration_path 11 2 [0.00303188 0.41751287 0.60193917 1.        ]
28 exploration_path 12 2 [0.00303188 0.41751287 0.60193917 1.        ]
29 exploration_path 14 2 [0.00303188 0.41751287 0.60193917 1.        ]
30 exploration_path 20 2 [0.00303188 0.41751287 0.60193917 1.        ]
31 exploration_path 24 2 [0.00303188 0.41751287 0.60193917 1.        ]
32 exploration_path 10 2 [0.00303188 0.41751287 0.60193917 1.        ]
33 exploration_path 11 2 [0.00303188 0.41751287 0.60193917 1.        ]
34 improvement 8 3 [0.41557915 0.00236402 0.58253448 1.        ]
35 exploration_path 9 2 [0.00303188 0.41751287 0.60193917 1.        ]
36 exploration_path 8 2 [0.00303188 0.41751287 0.60193917 1.        ]
37 improvement 8 0 [0.00303188 0.41751287 0.60193917 1.        ]
38 improvement 13 0 [0.00303188 0.41751287 0.60193917 1.        ]
39 improvement 7 0 [0.00303188 0.41751287 0.60193917 1.        ]
40 improvement 8 3 [0.41557915 0.00236402 0.58253448 1.        ]
41 improvement 8 3 [0.41557915 0.00236402 0.58253448 1.        ]
42 improvement 7 0 [0.00303188 0.41751287 0.60193917 1.        ]
43 improvement 7 0 [0.00303188 0.41751287 0.60193917 1.        ]
44 improvement 10 0 [0.00303188 0.41751287 0.60193917 1.        ]
45 improvement 7 0 [0.00303188 0.41751287 0.60193917 1.        ]
46 improvement 12 0 [0.00303188 0.41751287 0.60193917 1.        ]
47 improvement 7 0 [0.00303188 0.41751287 0.60193917 1.        ]
48 improvement 8 0 [0.00303188 0.41751287 0.60193917 1.        ]
49 improvement 9 0 [0.00303188 0.41751287 0.60193917 1.        ]
50 improvement 14 0 [0.00303188 0.41751287 0.60193917 1.        ]
51 improvement 9 3 [0.41557915 0.00236402 0.58253448 1.        ]
52 improvement 15 0 [0.00303188 0.41751287 0.60193917 1.        ]
53 improvement 15 0 [0.00303188 0.41751287 0.60193917 1.        ]
54 improvement 14 0 [0.00303188 0.41751287 0.60193917 1.        ]
55 improvement 8 3 [0.41557915 0.00236402 0.58253448 1.        ]
56 improvement 28 0 [0.00303188 0.41751287 0.60193917 1.        ]
57 improvement 14 0 [0.00303188 0.41751287 0.60193917 1.        ]
58 improvement 15 0 [0.00303188 0.41751287 0.60193917 1.        ]
59 improvement 18 0 [0.00303188 0.41751287 0.60193917 1.        ]
60 improvement 14 0 [0.00303188 0.41751287 0.60193917 1.        ]
61 improvement 20 0 [0.00303188 0.41751287 0.60193917 1.        ]
62 improvement 14 0 [0.00303188 0.41751287 0.60193917 1.        ]
63 improvement 15 0 [0.00303188 0.41751287 0.60193917 1.        ]
64 improvement 16 0 [0.00303188 0.41751287 0.60193917 1.        ]
65 improvement 16 0 [0.00303188 0.41751287 0.60193917 1.        ]
66 improvement 8 3 [0.41557915 0.00236402 0.58253448 1.        ]
67 improvement 14 0 [0.00303188 0.41751287 0.60193917 1.        ]
68 improvement 9 3 [0.41557915 0.00236402 0.58253448 1.        ]
69 improvement 15 0 [0.00303188 0.41751287 0.60193917 1.        ]
70 improvement 15 0 [0.00303188 0.41751287 0.60193917 1.        ]
71 improvement 20 0 [0.00303188 0.41751287 0.60193917 1.        ]
72 improvement 16 0 [0.00303188 0.41751287 0.60193917 1.        ]
73 improvement 15 0 [0.00303188 0.41751287 0.60193917 1.        ]
74 improvement 15 0 [0.00303188 0.41751287 0.60193917 1.        ]
75 improvement 14 0 [0.00303188 0.41751287 0.60193917 1.        ]
76 improvement 15 0 [0.00303188 0.41751287 0.60193917 1.        ]
77 improvement 14 0 [0.00303188 0.41751287 0.60193917 1.        ]
78 improvement 15 0 [0.00303188 0.41751287 0.60193917 1.        ]
79 improvement 16 0 [0.00303188 0.41751287 0.60193917 1.        ]
80 improvement 17 0 [0.00303188 0.41751287 0.60193917 1.        ]
81 improvement 21 0 [0.00303188 0.41751287 0.60193917 1.        ]
82 improvement 15 0 [0.00303188 0.41751287 0.60193917 1.        ]
83 improvement 16 0 [0.00303188 0.41751287 0.60193917 1.        ]
84 improvement 15 0 [0.00303188 0.41751287 0.60193917 1.        ]
85 improvement 10 3 [0.41557915 0.00236402 0.58253448 1.        ]
86 improvement 20 0 [0.00303188 0.41751287 0.60193917 1.        ]
87 improvement 15 0 [0.00303188 0.41751287 0.60193917 1.        ]
88 improvement 17 0 [0.00303188 0.41751287 0.60193917 1.        ]
89 improvement 19 0 [0.00303188 0.41751287 0.60193917 1.        ]
90 improvement 16 0 [0.00303188 0.41751287 0.60193917 1.        ]
91 improvement 15 0 [0.00303188 0.41751287 0.60193917 1.        ]
