0 exploration 100 None None
1 exploration 100 None None
2 exploration_path 10 None [0.00392177 0.4123134  0.59916224 1.        ]
3 exploration_path 48 None [0.00392177 0.4123134  0.59916224 1.        ]
4 exploration_path 14 None [0.41635094 0.00434482 0.57980374 1.        ]
5 exploration_path 18 None [0.41635094 0.00434482 0.57980374 1.        ]
6 exploration_path 9 None [0.41635094 0.00434482 0.57980374 1.        ]
7 exploration_path 95 None [0.41635094 0.00434482 0.57980374 1.        ]
8 exploration_path 13 None [0.00392177 0.4123134  0.59916224 1.        ]
9 exploration_path 16 None [0.00392177 0.4123134  0.59916224 1.        ]
10 exploration_path 14 None [0.00392177 0.4123134  0.59916224 1.        ]
11 exploration_path 54 None [0.41635094 0.00434482 0.57980374 1.        ]
12 exploration_path 25 None [0.41635094 0.00434482 0.57980374 1.        ]
13 exploration_path 13 None [0.00392177 0.4123134  0.59916224 1.        ]
14 exploration_path 13 None [0.00392177 0.4123134  0.59916224 1.        ]
15 exploration_path 10 None [0.41635094 0.00434482 0.57980374 1.        ]
16 improvement 22 2 [0.00392177 0.4123134  0.59916224 1.        ]
17 improvement 9 0 [0.41635094 0.00434482 0.57980374 1.        ]
18 improvement 14 0 [0.41635094 0.00434482 0.57980374 1.        ]
19 improvement 17 2 [0.00392177 0.4123134  0.59916224 1.        ]
20 improvement 11 0 [0.41635094 0.00434482 0.57980374 1.        ]
21 improvement 16 2 [0.00392177 0.4123134  0.59916224 1.        ]
22 improvement 40 2 [0.00392177 0.4123134  0.59916224 1.        ]
23 improvement 10 0 [0.41635094 0.00434482 0.57980374 1.        ]
24 improvement 8 0 [0.41635094 0.00434482 0.57980374 1.        ]
25 improvement 100 2 [0.00392177 0.4123134  0.59916224 1.        ]
26 exploration_path 43 2 [0.00392177 0.4123134  0.59916224 1.        ]
27 improvement 8 0 [0.41635094 0.00434482 0.57980374 1.        ]
28 improvement 100 2 [0.00392177 0.4123134  0.59916224 1.        ]
29 improvement 12 0 [0.41635094 0.00434482 0.57980374 1.        ]
30 improvement 8 0 [0.41635094 0.00434482 0.57980374 1.        ]
31 improvement 9 0 [0.41635094 0.00434482 0.57980374 1.        ]
32 improvement 8 0 [0.41635094 0.00434482 0.57980374 1.        ]
33 exploration_path 9 2 [0.00392177 0.4123134  0.59916224 1.        ]
34 exploration_path 19 2 [0.00392177 0.4123134  0.59916224 1.        ]
35 exploration_path 6 2 [0.00392177 0.4123134  0.59916224 1.        ]
36 exploration_path 6 2 [0.00392177 0.4123134  0.59916224 1.        ]
37 exploration_path 8 2 [0.00392177 0.4123134  0.59916224 1.        ]
38 exploration_path 25 2 [0.00392177 0.4123134  0.59916224 1.        ]
39 improvement 8 0 [0.41635094 0.00434482 0.57980374 1.        ]
40 improvement 100 2 [0.00392177 0.4123134  0.59916224 1.        ]
41 exploration_path 19 2 [0.00392177 0.4123134  0.59916224 1.        ]
42 improvement 100 1 [0.00392177 0.4123134  0.59916224 1.        ]
43 exploration_path 39 1 [0.00392177 0.4123134  0.59916224 1.        ]
44 improvement 100 0 [0.00392177 0.4123134  0.59916224 1.        ]
45 exploration_path 17 0 [0.00392177 0.4123134  0.59916224 1.        ]
46 improvement 100 0 [0.00392177 0.4123134  0.59916224 1.        ]
47 exploration_path 17 0 [0.00392177 0.4123134  0.59916224 1.        ]
48 improvement 100 0 [0.00392177 0.4123134  0.59916224 1.        ]
49 exploration_path 19 0 [0.00392177 0.4123134  0.59916224 1.        ]
50 improvement 100 0 [0.00392177 0.4123134  0.59916224 1.        ]
51 improvement 8 0 [0.41635094 0.00434482 0.57980374 1.        ]
52 exploration_path 18 0 [0.00392177 0.4123134  0.59916224 1.        ]
53 improvement 14 0 [0.00392177 0.4123134  0.59916224 1.        ]
54 improvement 8 0 [0.41635094 0.00434482 0.57980374 1.        ]
55 improvement 100 0 [0.00392177 0.4123134  0.59916224 1.        ]
56 exploration_path 17 0 [0.00392177 0.4123134  0.59916224 1.        ]
57 improvement 100 0 [0.00392177 0.4123134  0.59916224 1.        ]
58 exploration_path 17 0 [0.00392177 0.4123134  0.59916224 1.        ]
59 improvement 100 0 [0.00392177 0.4123134  0.59916224 1.        ]
60 exploration_path 20 0 [0.00392177 0.4123134  0.59916224 1.        ]
61 improvement 100 0 [0.00392177 0.4123134  0.59916224 1.        ]
62 exploration_path 14 0 [0.00392177 0.4123134  0.59916224 1.        ]
63 improvement 8 0 [0.41635094 0.00434482 0.57980374 1.        ]
64 exploration_path 17 0 [0.00392177 0.4123134  0.59916224 1.        ]
65 improvement 100 0 [0.00392177 0.4123134  0.59916224 1.        ]
66 exploration_path 19 0 [0.00392177 0.4123134  0.59916224 1.        ]
67 improvement 100 0 [0.00392177 0.4123134  0.59916224 1.        ]
68 exploration_path 14 0 [0.00392177 0.4123134  0.59916224 1.        ]
69 improvement 100 0 [0.00392177 0.4123134  0.59916224 1.        ]
70 exploration_path 15 0 [0.00392177 0.4123134  0.59916224 1.        ]
71 improvement 14 0 [0.41635094 0.00434482 0.57980374 1.        ]
72 improvement 14 0 [0.00392177 0.4123134  0.59916224 1.        ]
73 improvement 17 0 [0.00392177 0.4123134  0.59916224 1.        ]
74 improvement 100 0 [0.00392177 0.4123134  0.59916224 1.        ]
75 improvement 12 0 [0.41635094 0.00434482 0.57980374 1.        ]
76 exploration_path 16 0 [0.00392177 0.4123134  0.59916224 1.        ]
77 improvement 100 0 [0.00392177 0.4123134  0.59916224 1.        ]
78 improvement 9 0 [0.41635094 0.00434482 0.57980374 1.        ]
79 exploration_path 17 0 [0.00392177 0.4123134  0.59916224 1.        ]
80 improvement 15 0 [0.00392177 0.4123134  0.59916224 1.        ]
81 improvement 8 0 [0.41635094 0.00434482 0.57980374 1.        ]
82 improvement 16 0 [0.00392177 0.4123134  0.59916224 1.        ]
83 improvement 100 0 [0.00392177 0.4123134  0.59916224 1.        ]
84 exploration_path 18 0 [0.00392177 0.4123134  0.59916224 1.        ]
85 improvement 8 0 [0.41635094 0.00434482 0.57980374 1.        ]
86 improvement 13 0 [0.41635094 0.00434482 0.57980374 1.        ]
87 improvement 17 0 [0.00392177 0.4123134  0.59916224 1.        ]
88 improvement 8 0 [0.41635094 0.00434482 0.57980374 1.        ]
89 improvement 20 0 [0.00392177 0.4123134  0.59916224 1.        ]
90 improvement 15 0 [0.00392177 0.4123134  0.59916224 1.        ]
91 improvement 8 0 [0.41635094 0.00434482 0.57980374 1.        ]
92 improvement 100 0 [0.00392177 0.4123134  0.59916224 1.        ]
93 exploration_path 15 0 [0.00392177 0.4123134  0.59916224 1.        ]
94 improvement 14 0 [0.00392177 0.4123134  0.59916224 1.        ]
95 improvement 14 0 [0.00392177 0.4123134  0.59916224 1.        ]
96 improvement 12 0 [0.41635094 0.00434482 0.57980374 1.        ]
97 improvement 14 0 [0.00392177 0.4123134  0.59916224 1.        ]
98 improvement 14 0 [0.00392177 0.4123134  0.59916224 1.        ]
99 improvement 16 0 [0.00392177 0.4123134  0.59916224 1.        ]
