0.2915304199209621 0.1 0.5830608398419242 0.0645765209960481
0.2915304199209621 0.1 0.5830608398419242 0.0645765209960481
0.1943536132806414 0.2 0.5830608398419242 -0.009717680664032079
0.3887072265612828 0.1 0.5830608398419242 0.08887072265612828
0.2915304199209621 0.2 0.5830608398419242 0.0145765209960481
0.2915304199209621 0.2 0.5830608398419242 0.0145765209960481
0.2332243359367697 0.3 0.5830608398419242 -0.04999999999999999
0.3498365039051546 0.2 0.5830608398419242 0.029153041992096215
0.2915304199209621 0.3 0.5830608398419242 -0.03542347900395189
0.2915304199209621 0.3 0.5830608398419242 -0.03542347900395189
0.2498832170751104 0.4 0.5830608398419242 -0.09583527971541483
0.33317762276681384 0.3 0.5830608398419242 -0.02501167829248896
0.2915304199209621 0.4 0.5830608398419242 -0.08542347900395192
0.2915304199209621 0.4 0.5830608398419242 -0.08542347900395192
rand rand rand rand
0.2915304199209621 0.5 0.5830608398419242 -0.1354234790039519
0.2915304199209621 0.5 0.5830608398419242 -0.1354234790039519
0.26502765447360194 0.6 0.5830608398419242 -0.19204917036579194
0.3180331853683223 0.5 0.5830608398419242 -0.12879778764211186
rand rand rand rand
0.3139558368379592 0.6 0.5830608398419242 -0.17981712477470263
0.269105003003965 0.7 0.5830608398419242 -0.24102983323320115
0.2915304199209621 0.7 0.5830608398419242 -0.23542347900395189
0.2915304199209621 0.7 0.5830608398419242 -0.23542347900395189
0.27209505859289795 0.8 0.5830608398419242 -0.290282319335968
0.31096578124902624 0.7 0.5830608398419242 -0.23056463867193583
0.2915304199209621 0.8 0.5830608398419242 -0.28542347900395193
0.2915304199209621 0.8 0.5830608398419242 -0.28542347900395193
0.2743815716903173 0.8 0.5830608398419242 -0.2897106910616131
0.30867926815160696 0.8 0.5830608398419242 -0.28113626694629074
rand rand rand rand
rand rand rand rand
0.2915304199209622 0.8 0.5830608398419242 -0.2854234790039519
0.2915304199209622 0.8 0.5830608398419242 -0.2854234790039519
0.2776480189723449 0.8 0.5830608398419242 -0.2888940792411062
0.30541282086957944 0.8 0.5830608398419242 -0.2819528787667976
rand rand rand rand
rand rand rand rand
rand rand rand rand
rand rand rand rand
0.2915304199209622 0.8 0.5830608398419242 -0.2854234790039519
0.2915304199209622 0.9 0.5830608398419242 -0.3354234790039519
0.2807329969609266 0.8 0.5830608398419242 -0.2881228347439608
0.3023278428809978 0.9 0.5830608398419242 -0.332724123263943
0.2707068184980363 0.8 0.5830608398419242 -0.29062937935968336
0.312354021343888 0.9 0.5830608398419242 -0.33021757864822043
0.2613721006187937 0.8 0.5830608398419242 -0.292963058829494
0.3216887392231306 0.9 0.5830608398419242 -0.32788389917840977
0.2526596972648339 0.8 0.5830608398419242 -0.295141159667984
0.3304011425770904 0.9 0.5830608398419242 -0.3257057983399198
0.24450938444983925 0.8 0.5830608398419242 -0.29717873787173266
0.33855145539208503 0.9 0.5830608398419242 -0.3236682201361712
rand rand rand rand
0.2296906338771217 0.8 0.5830608398419242 -0.30088342551491204
0.3533702059648025 0.9 0.5830608398419242 -0.3199635324929918
0.22293502699838286 0.8 0.5830608398419242 -0.30257232723459676
0.3601258128435414 0.9 0.5830608398419242 -0.3182746307733071
0.21656545479842906 0.8 0.5830608398419242 -0.3041647202845852
0.36649538504349516 0.9 0.5830608398419242 -0.31668223772331866
0.2105497477206949 0.8 0.5830608398419242 -0.3056686470540187
0.3725110921212293 0.9 0.5830608398419242 -0.3151783109538851
0.20485921399851398 0.8 0.5830608398419242 -0.30709128048456397
0.3782016258434102 0.9 0.5830608398419242 -0.3137556775233399
rand rand rand rand
rand rand rand rand
0.2186478149407216 0.8 0.5830608398419242 -0.30364413024901205
0.36441302490120253 0.6000000000000001 0.5830608398419242 -0.16720282775889184
0.22753593749928752 0.8 0.5830608398419242 -0.30142209960937055
0.3555249023426366 0.5 0.5830608398419242 -0.11942485839853328
0.23600081612649312 0.8 0.5830608398419242 -0.2993058799525692
0.347060023715431 0.4 0.5830608398419242 -0.07154107805533469
0.24407197946871245 0.8 0.5830608398419242 -0.2972880891170143
0.33898886037321163 0.30000000000000004 0.5830608398419242 -0.02355886889088954
0.2517762717499218 0.8 0.5830608398419242 -0.29536201604671203
0.3312845680920023 0.20000000000000007 0.5830608398419242 0.024515058038808116
0.2591381510408552 0.8 0.5830608398419242 -0.29352154622397864
0.3239226888010689 0.10000000000000009 0.5830608398419242 0.07267458821607475
rand rand rand rand
0.272922095245156 0.8 0.5830608398419242 -0.2900755601729034
0.3101387445967681 0.10000000000000009 0.5830608398419242 0.06922860216499956
rand rand rand rand
rand rand rand rand
0.27986920312412356 0.8 0.5830608398419242 -0.2883387832031616
0.3031916367178005 0.10000000000000009 0.5830608398419242 0.06749182519525765
0.2858141371774138 0.8 0.5830608398419242 -0.28685254968983903
0.2972467026645103 0.10000000000000009 0.5830608398419242 0.06600559168193511
0.291530419920962 0.8 0.5830608398419242 -0.28542347900395193
0.291530419920962 0.10000000000000009 0.5830608398419242 0.06457652099604803
rand rand rand rand
rand rand rand rand
0.2968309730104341 0.8 0.5830608398419242 -0.2840983407315839
0.28622986683149 0.10000000000000009 0.5830608398419242 0.06325138272368003
0.301942220632425 0.8 0.5830608398419242 -0.2828205288260862
0.2811186192094991 -0.20000000000000007 0.5830608398419242 0.21197357081818238
0.3068741262325916 0.8 0.5830608398419242 -0.28158755242604455
0.27618671360933245 -0.20000000000000007 0.5830608398419242 0.21074059441814072
0.3116359661224077 0.8 0.5830608398419242 -0.2803970924535905
0.27142487371951635 -0.30000000000000004 0.5830608398419242 0.2595501344456867
0.31623638771087403 0.8 0.5830608398419242 -0.27924698705647394
0.26682445213105 -0.30000000000000004 0.5830608398419242 0.25840002904857007
0.3206834619130582 0.8 0.5830608398419242 -0.2781352185059279
0.2623773779288658 -0.30000000000000004 0.5830608398419242 0.25728826049802406
0.32498473040369535 0.8 0.5830608398419242 -0.2770599013832686
0.2580761094382287 -0.30000000000000004 0.5830608398419242 0.25621294337536477
0.3291472482978603 0.8 0.5830608398419242 -0.27601927190972736
0.2539135915440637 -0.30000000000000004 0.5830608398419242 0.2551723139018235
0.33317762276681373 0.8 0.5830608398419242 -0.275011678292489
0.2498832170751103 -0.30000000000000004 0.5830608398419242 0.25416472028458514
0.3370820480336123 0.8 0.5830608398419242 -0.27403557197578937
0.2459787918083117 -0.30000000000000004 0.5830608398419242 0.2531886139678855
0.34086633713835557 0.8 0.5830608398419242 -0.27308949969960356
0.24219450270356843 -0.30000000000000004 0.5830608398419242 0.2522425416916997
0.34453595081568233 0.8 0.5830608398419242 -0.2721720962802719
0.23852488902624164 -0.30000000000000004 0.5830608398419242 0.251325138272368
0.3480960237862233 0.8 0.5830608398419242 -0.27128207803763665
0.23496481605570071 -0.30000000000000004 0.5830608398419242 0.2504351200297328
rand rand rand rand
0.34645644106549106 0.8 0.5830608398419242 -0.27169197371781967
0.23660439877643297 -0.30000000000000004 0.5830608398419242 0.25084501570991585
0.34983650390515436 0.8 0.5830608398419242 -0.27084695800790387
0.23322433593676964 -0.30000000000000004 0.5830608398419242 0.25
0.3531213537070807 0.8 0.5830608398419242 -0.27002574555742226
0.2299394861348433 -0.30000000000000004 0.5830608398419242 0.24917878754951842
0.3563149576811757 0.8 0.5830608398419242 -0.2692273445638985
0.22674588216074826 -0.30000000000000004 0.5830608398419242 0.24838038655599465
0.35942106565598053 0.8 0.5830608398419242 -0.26845081757019734
0.22363977418594347 -0.30000000000000004 0.5830608398419242 0.24760385956229347
rand rand rand rand
0.35761064843638 0.8 0.5830608398419242 -0.26890342187509747
0.22545019140554398 -0.30000000000000004 0.5830608398419242 0.2480564638671936
rand rand rand rand
0.35589427886455094 0.8 0.5830608398419242 -0.2693325142680547
0.227166560977373 -0.30000000000000004 0.5830608398419242 0.24848555626015084
0.35880667067195315 0.8 0.5830608398419242 -0.2686044163162042
0.2242541691699708 -0.30000000000000004 0.5830608398419242 0.2477574583083003
rand rand rand rand
0.3571247644031784 0.8 0.5830608398419242 -0.26902489288339787
0.22593607543874555 -0.30000000000000004 0.5830608398419242 0.248177934875494
rand rand rand rand
rand rand rand rand
0.3582662991799773 0.8 0.5830608398419242 -0.26873950918919814
0.22479454066194662 -0.30000000000000004 0.5830608398419242 0.24789255118129425
0.36094242466404813 0.8 0.5830608398419242 -0.26807047781818044
0.2221184151778758 -0.30000000000000004 0.5830608398419242 0.24722351981027654
0.3635555824896702 0.8 0.5830608398419242 -0.2674171883617749
0.21950525735225376 -0.30000000000000004 0.5830608398419242 0.24657023035387104
rand rand rand rand
0.3686016803598369 0.8 0.5830608398419242 -0.26615566389423323
0.214459159482087 -0.30000000000000004 0.5830608398419242 0.24530870588632936
0.3710387162630425 0.8 0.5830608398419242 -0.2655464049184318
0.21202212357888148 -0.30000000000000004 0.5830608398419242 0.24469944691052797
0.37342098731449064 0.8 0.5830608398419242 -0.2649508371555698
0.20963985252743336 -0.30000000000000004 0.5830608398419242 0.24410387914766593
0.37575031900923994 0.8 0.5830608398419242 -0.26436850423188246
0.2073105208326841 -0.30000000000000004 0.5830608398419242 0.24352154622397862
0.3780284566008079 0.8 0.5830608398419242 -0.2637989698339905
0.20503238324111614 -0.30000000000000004 0.5830608398419242 0.24295201182608664
0.38025706946212445 0.8 0.5830608398419242 -0.26324181661866136
0.20280377037979966 -0.30000000000000004 0.5830608398419242 0.24239485861075752
rand rand rand rand
0.3783692684080572 0.8 0.5830608398419242 -0.2637137668821781
0.20469157143386693 -0.30000000000000004 0.5830608398419242 0.24286680887427434
rand rand rand rand
0.37656012573124276 0.8 0.5830608398419242 -0.26416605255138176
0.2065007141106814 -0.30000000000000004 0.5830608398419242 0.24331909454347794
0.37868899907259 0.8 0.5830608398419242 -0.26363383421604497
0.20437184076933418 -0.30000000000000004 0.5830608398419242 0.24278687620814116
0.3807744260192159 0.8 0.5830608398419242 -0.2631124774793885
0.20228641382270832 -0.30000000000000004 0.5830608398419242 0.24226551947148467
0.38281772312853624 0.8 0.5830608398419242 -0.26260165320205836
0.20024311671338804 -0.30000000000000004 0.5830608398419242 0.2417546951941546
0.3848201542956701 0.8 0.5830608398419242 -0.2621010454102749
0.19824068554625415 -0.30000000000000004 0.5830608398419242 0.24125408740237114
rand rand rand rand
