0 exploration 100 None None
1 exploration 100 None None
2 exploration_path 11 None [0.4118229  0.00466985 0.582355   1.        ]
3 exploration_path 36 None [0.00425553 0.41969693 0.60222228 1.        ]
4 exploration_path 8 None [0.4118229  0.00466985 0.582355   1.        ]
5 exploration_path 16 None [0.00425553 0.41969693 0.60222228 1.        ]
6 exploration_path 27 None [0.4118229  0.00466985 0.582355   1.        ]
7 exploration_path 11 None [0.00425553 0.41969693 0.60222228 1.        ]
8 exploration_path 10 None [0.4118229  0.00466985 0.582355   1.        ]
9 exploration_path 6 None [0.00425553 0.41969693 0.60222228 1.        ]
10 exploration_path 9 None [0.4118229  0.00466985 0.582355   1.        ]
11 exploration_path 72 None [0.00425553 0.41969693 0.60222228 1.        ]
12 exploration_path 12 None [0.4118229  0.00466985 0.582355   1.        ]
13 exploration_path 6 None [0.00425553 0.41969693 0.60222228 1.        ]
14 exploration_path 9 None [0.4118229  0.00466985 0.582355   1.        ]
15 exploration_path 10 None [0.00425553 0.41969693 0.60222228 1.        ]
16 improvement 8 0 [0.4118229  0.00466985 0.582355   1.        ]
17 improvement 9 0 [0.4118229  0.00466985 0.582355   1.        ]
18 improvement 100 2 [0.00425553 0.41969693 0.60222228 1.        ]
19 exploration_path 8 2 [0.00425553 0.41969693 0.60222228 1.        ]
20 improvement 9 0 [0.4118229  0.00466985 0.582355   1.        ]
21 improvement 100 2 [0.00425553 0.41969693 0.60222228 1.        ]
22 improvement 11 0 [0.4118229  0.00466985 0.582355   1.        ]
23 improvement 12 0 [0.4118229  0.00466985 0.582355   1.        ]
24 improvement 13 0 [0.4118229  0.00466985 0.582355   1.        ]
25 exploration_path 9 2 [0.00425553 0.41969693 0.60222228 1.        ]
26 exploration_path 10 2 [0.00425553 0.41969693 0.60222228 1.        ]
27 exploration_path 9 2 [0.00425553 0.41969693 0.60222228 1.        ]
28 exploration_path 12 2 [0.00425553 0.41969693 0.60222228 1.        ]
29 exploration_path 11 2 [0.00425553 0.41969693 0.60222228 1.        ]
30 improvement 8 0 [0.4118229  0.00466985 0.582355   1.        ]
31 improvement 11 0 [0.4118229  0.00466985 0.582355   1.        ]
32 exploration_path 9 2 [0.00425553 0.41969693 0.60222228 1.        ]
33 improvement 100 2 [0.00425553 0.41969693 0.60222228 1.        ]
34 exploration_path 12 2 [0.00425553 0.41969693 0.60222228 1.        ]
35 improvement 100 2 [0.00425553 0.41969693 0.60222228 1.        ]
36 improvement 8 0 [0.4118229  0.00466985 0.582355   1.        ]
37 exploration_path 14 2 [0.00425553 0.41969693 0.60222228 1.        ]
38 improvement 30 2 [0.00425553 0.41969693 0.60222228 1.        ]
39 improvement 31 2 [0.00425553 0.41969693 0.60222228 1.        ]
40 improvement 12 0 [0.4118229  0.00466985 0.582355   1.        ]
41 improvement 10 2 [0.00425553 0.41969693 0.60222228 1.        ]
42 improvement 27 2 [0.00425553 0.41969693 0.60222228 1.        ]
43 improvement 8 0 [0.4118229  0.00466985 0.582355   1.        ]
44 improvement 100 2 [0.00425553 0.41969693 0.60222228 1.        ]
45 exploration_path 9 2 [0.00425553 0.41969693 0.60222228 1.        ]
46 improvement 10 0 [0.4118229  0.00466985 0.582355   1.        ]
47 improvement 18 2 [0.00425553 0.41969693 0.60222228 1.        ]
48 improvement 19 2 [0.00425553 0.41969693 0.60222228 1.        ]
49 improvement 21 2 [0.00425553 0.41969693 0.60222228 1.        ]
50 improvement 100 2 [0.00425553 0.41969693 0.60222228 1.        ]
51 improvement 10 0 [0.4118229  0.00466985 0.582355   1.        ]
52 exploration_path 23 2 [0.00425553 0.41969693 0.60222228 1.        ]
53 improvement 15 0 [0.00425553 0.41969693 0.60222228 1.        ]
54 improvement 23 0 [0.00425553 0.41969693 0.60222228 1.        ]
55 improvement 19 0 [0.00425553 0.41969693 0.60222228 1.        ]
56 improvement 17 0 [0.00425553 0.41969693 0.60222228 1.        ]
57 improvement 16 0 [0.00425553 0.41969693 0.60222228 1.        ]
58 improvement 16 0 [0.00425553 0.41969693 0.60222228 1.        ]
59 improvement 16 0 [0.00425553 0.41969693 0.60222228 1.        ]
60 improvement 21 0 [0.00425553 0.41969693 0.60222228 1.        ]
61 improvement 14 0 [0.00425553 0.41969693 0.60222228 1.        ]
62 improvement 14 0 [0.00425553 0.41969693 0.60222228 1.        ]
63 improvement 17 0 [0.00425553 0.41969693 0.60222228 1.        ]
64 improvement 19 0 [0.00425553 0.41969693 0.60222228 1.        ]
65 improvement 16 0 [0.00425553 0.41969693 0.60222228 1.        ]
66 improvement 18 0 [0.00425553 0.41969693 0.60222228 1.        ]
67 improvement 14 0 [0.00425553 0.41969693 0.60222228 1.        ]
68 improvement 15 0 [0.00425553 0.41969693 0.60222228 1.        ]
69 improvement 16 0 [0.00425553 0.41969693 0.60222228 1.        ]
70 improvement 14 0 [0.00425553 0.41969693 0.60222228 1.        ]
71 improvement 14 0 [0.00425553 0.41969693 0.60222228 1.        ]
72 improvement 8 0 [0.4118229  0.00466985 0.582355   1.        ]
73 improvement 18 0 [0.00425553 0.41969693 0.60222228 1.        ]
74 improvement 10 0 [0.4118229  0.00466985 0.582355   1.        ]
75 improvement 16 0 [0.00425553 0.41969693 0.60222228 1.        ]
76 improvement 14 0 [0.00425553 0.41969693 0.60222228 1.        ]
77 improvement 15 0 [0.00425553 0.41969693 0.60222228 1.        ]
78 improvement 14 0 [0.00425553 0.41969693 0.60222228 1.        ]
79 improvement 27 0 [0.00425553 0.41969693 0.60222228 1.        ]
80 improvement 16 0 [0.00425553 0.41969693 0.60222228 1.        ]
81 improvement 15 0 [0.00425553 0.41969693 0.60222228 1.        ]
82 improvement 14 0 [0.00425553 0.41969693 0.60222228 1.        ]
83 improvement 19 0 [0.00425553 0.41969693 0.60222228 1.        ]
84 improvement 14 0 [0.00425553 0.41969693 0.60222228 1.        ]
85 improvement 22 0 [0.00425553 0.41969693 0.60222228 1.        ]
86 improvement 17 0 [0.00425553 0.41969693 0.60222228 1.        ]
87 improvement 16 0 [0.00425553 0.41969693 0.60222228 1.        ]
88 improvement 14 0 [0.00425553 0.41969693 0.60222228 1.        ]
89 improvement 16 0 [0.00425553 0.41969693 0.60222228 1.        ]
90 improvement 14 0 [0.00425553 0.41969693 0.60222228 1.        ]
