[0.14508347] [0.43466579 0.47111829 0.30362223 0.        ]
[0.13664562] [0.4441748  0.47538283 0.37274188 0.        ]
[0.12859666] [0.45084517 0.47641224 0.4398989  0.        ]
[0.12184577] [0.46780265 0.48097932 0.50101299 0.        ]
[0.11699165] [0.4884559  0.49899934 0.56513573 0.        ]
[0.11097895] [0.50613392 0.51697356 0.61560985 0.        ]
[0.09885603] [0.49639822 0.52403632 0.62329837 0.        ]
[0.08810519] [0.50167053 0.52328002 0.62904336 0.        ]
[0.0782438] [0.50831742 0.52658741 0.63182164 0.        ]
[0.06792107] [0.50391057 0.5223275  0.62558409 0.        ]
[0.05956738] [0.50802255 0.52087388 0.62539996 0.        ]
[0.05207662] [0.50383826 0.51919636 0.62918815 0.        ]
[0.04507226] [0.49744567 0.51028851 0.62956293 0.        ]
[0.03944595] [0.50244009 0.52592765 0.6271583  0.        ]
[0.03427076] [0.50627682 0.51989177 0.62770965 0.        ]
[0.0296629] [0.50013652 0.51423158 0.63039328 0.        ]
[0.0260885] [0.50841704 0.52625173 0.63175125 0.        ]
[0.02228932] [0.49677756 0.51412921 0.62840378 0.        ]
[0.01942116] [0.50081373 0.5168781  0.62569725 0.        ]
[0.01689719] [0.49890251 0.51840117 0.62214029 0.        ]
[0.01490946] [0.50111802 0.51680446 0.62883984 0.        ]
[0.01313888] [0.50700674 0.52035118 0.62609449 0.        ]
[0.01156944] [0.50346539 0.52061077 0.62587396 0.        ]
[0.01024348] [0.50624856 0.52010723 0.62588372 0.        ]
[0.00914] [0.50163388 0.52530575 0.62707146 0.        ]
[0.00812014] [0.50588217 0.52327617 0.62484894 0.        ]
[0.00722986] [0.49095767 0.52419332 0.61891148 0.        ]
[0.006732] [0.43384563 0.47053751 0.54975063 0.        ]
[0.00796849] [0.3720677  0.40874824 0.48398463 0.        ]
[0.00982083] [0.31880046 0.36073725 0.43809055 0.        ]
[0.01148941] [0.28529255 0.32390923 0.39692648 0.        ]
[0.01202939] [0.27152515 0.30402984 0.36781776 0.        ]
[0.01166804] [0.31435934 0.37434872 0.29638923 0.        ]
[0.01346524] [0.37544859 0.44367245 0.22737146 0.        ]
[0.01469832] [0.41605946 0.49713602 0.196566   0.        ]
[0.0147062] [0.44586292 0.54332938 0.19219274 0.        ]
[0.0179864] [0.51220964 0.56893362 0.14095407 0.        ]
[0.02033352] [0.55140757 0.59801532 0.1015286  0.        ]
[0.02249375] [0.59046512 0.59830814 0.04861411 0.        ]
[0.0225014] [0.62180397 0.59909882 0.02068136 0.        ]
[0.02012073] [0.67599541 0.65281017 0.0781702  0.        ]
[0.01857541] [0.71859263 0.69977963 0.13459038 0.        ]
[0.01809402] [0.76277829 0.72873991 0.17596901 0.        ]
[0.01804549] [0.80520836 0.75358531 0.21890799 0.        ]
[0.01938701] [0.85205877 0.79147038 0.26905995 0.        ]
[0.02079118] [0.89529832 0.82531014 0.31603163 0.        ]
[0.01962893] [0.91928987 0.83509295 0.33767819 0.        ]
[0.01674283] [0.92030257 0.84455672 0.340708   0.        ]
[0.01302722] [0.91313677 0.83510304 0.33725903 0.        ]
[0.01060958] [0.91759375 0.83935907 0.33729289 0.        ]
[0.00854961] [0.91899491 0.84371272 0.34032569 0.        ]
[0.00663097] [0.91814497 0.84334457 0.33839907 0.        ]
[0.00517195] [0.91578865 0.84067424 0.33862284 0.        ]
[0.0042083] [0.92016295 0.84247352 0.34024759 0.        ]
[0.00343808] [0.90788906 0.82657118 0.33900168 0.        ]
[0.00327691] [0.84889499 0.74915208 0.28646443 0.        ]
[0.00479078] [0.80123997 0.68977162 0.23989032 0.        ]
[0.00713986] [0.75990519 0.63403349 0.20759548 0.        ]
[0.00946594] [0.72193667 0.58728863 0.18768498 0.        ]
[0.01240443] [0.66706407 0.5677093  0.12110259 0.        ]
[0.01532954] [0.61770395 0.55861839 0.0577775  0.        ]
[0.01674886] [0.57478511 0.5492506  0.03417164 0.        ]
[0.01649519] [0.52492265 0.51308065 0.07988236 0.        ]
[0.01607791] [0.48824451 0.46762739 0.14108764 0.        ]
[0.01573454] [0.44316769 0.47076371 0.17511169 0.        ]
[0.01607471] [0.39452372 0.46109606 0.22459876 0.        ]
[0.01857278] [0.33406517 0.39567681 0.29093394 0.        ]
[0.02187257] [0.25588474 0.38114847 0.35282412 0.        ]
[0.02566236] [0.18285643 0.37908893 0.41935092 0.        ]
[0.02988044] [0.11492716 0.39898854 0.48941492 0.        ]
[0.03333462] [0.06186162 0.41107823 0.55461188 0.        ]
[0.03492512] [0.01171649 0.408252   0.59312555 0.        ]
[0.13201126] [0.00439331 0.41827281 0.60571439 1.        ]
[0.02673415] [0.00829721 0.4228287  0.60484218 0.        ]
[0.11048006] [0.00292658 0.41701865 0.59951185 1.        ]
[0.01869081] [0.02553796 0.43714124 0.60633816 0.        ]
[0.01628622] [0.00708891 0.41825149 0.60048532 0.        ]
[0.01388504] [0.00633468 0.41972328 0.6027007  0.        ]
[0.07225193] [0.00281519 0.41572012 0.60156064 1.        ]
[0.01051217] [0.00690964 0.42086206 0.60703973 0.        ]
[0.00934602] [0.00648072 0.42196947 0.60209815 0.        ]
[0.05251733] [0.00472737 0.41839564 0.60552366 1.        ]
[0.04638736] [0.00363247 0.41706326 0.60221981 1.        ]
[0.00880918] [0.02677276 0.43947804 0.60290137 0.        ]
[0.00927143] [0.02204451 0.43465432 0.60640718 0.        ]
[0.00955655] [0.02932491 0.44058717 0.60303568 0.        ]
[0.00968121] [0.05828723 0.45360883 0.58248543 0.        ]
[0.01007617] [0.09805326 0.47291754 0.56344817 0.        ]
[0.0108286] [0.14593579 0.49753302 0.55136887 0.        ]
[0.01178053] [0.19489887 0.52356318 0.5392227  0.        ]
[0.0128987] [0.24169674 0.55370377 0.53324294 0.        ]
[0.01428658] [0.29280626 0.58709916 0.52875064 0.        ]
[0.01555624] [0.33726818 0.62169426 0.52619532 0.        ]
[0.01401326] [0.33847827 0.61645806 0.5281387  0.        ]
[0.0123592] [0.33491359 0.61921877 0.52741732 0.        ]
[0.01104186] [0.34006862 0.62507855 0.52594794 0.        ]
[0.00929688] [0.34047237 0.61133644 0.49963372 0.        ]
[0.00795729] [0.34589382 0.57669935 0.45237065 0.        ]
[0.00765126] [0.36149233 0.54629072 0.40165411 0.        ]
[0.01576532] [0.48908715 0.48570737 0.21268135 0.        ]
[0.01731852] [0.52700222 0.52671835 0.15470923 0.        ]
[0.01876058] [0.55415395 0.55287236 0.09395599 0.        ]
[0.02030439] [0.58739812 0.57868244 0.03660964 0.        ]
[0.01980705] [0.60257684 0.58005461 0.00465044 0.        ]
[0.01702596] [0.61563313 0.58806886 0.0160839  0.        ]
[0.0144927] [0.60849389 0.58576273 0.00869779 0.        ]
[0.01201518] [0.61224303 0.59019344 0.01110769 0.        ]
[0.00980576] [0.60531453 0.58663299 0.00667269 0.        ]
[0.00780382] [0.60782387 0.58710143 0.00960369 0.        ]
[0.00627337] [0.6038576  0.58422931 0.00280514 0.        ]
[0.00480947] [0.60429651 0.58662298 0.00631816 0.        ]
[0.00374746] [0.6008963  0.58369601 0.00386278 0.        ]
[0.00291338] [0.60331677 0.58496587 0.00301598 0.        ]
[0.00226044] [0.60524952 0.58245824 0.00551616 0.        ]
[0.00207852] [0.54674834 0.50915963 0.07669037 0.        ]
[0.0026521] [0.50532156 0.47845871 0.12210452 0.        ]
[0.00383186] [0.48059525 0.44615934 0.18140375 0.        ]
[0.00542087] [0.46577152 0.41640784 0.24013796 0.        ]
[0.00805932] [0.43605119 0.36792326 0.31130678 0.        ]
[0.01134566] [0.4147449  0.30866532 0.38404057 0.        ]
[0.01482138] [0.41022559 0.25584586 0.45630233 0.        ]
[0.01791895] [0.42618246 0.21733879 0.52380255 0.        ]
[0.01934486] [0.39844212 0.18691916 0.57083407 0.        ]
[0.02016817] [0.40467239 0.13244403 0.57810748 0.        ]
[0.02093565] [0.4110272  0.06193249 0.56247449 0.        ]
[0.02161536] [0.41212907 0.00955473 0.57740734 0.        ]
[0.01860512] [0.4102315  0.00835947 0.58309575 0.        ]
[0.05179766] [0.41441541 0.00429898 0.58409311 1.        ]
[0.04655935] [0.41359491 0.00445846 0.58412706 1.        ]
[0.04026359] [0.41456125 0.00450631 0.58107182 1.        ]
[0.00831087] [0.41670631 0.00938257 0.59046803 0.        ]
[0.02835879] [0.41854546 0.00466343 0.57936253 1.        ]
[0.00552931] [0.41907366 0.0056448  0.57856235 0.        ]
[0.01913379] [0.41859659 0.00441595 0.5798528  1.        ]
[0.00442022] [0.45063797 0.04762654 0.61128339 0.        ]
[0.01281259] [0.41831443 0.00453826 0.57941225 1.        ]
[0.00464594] [0.44182063 0.06036994 0.6213669  0.        ]
[0.00573242] [0.42998934 0.0991651  0.65615705 0.        ]
[0.00725325] [0.41591063 0.14119896 0.68176041 0.        ]
[0.00925899] [0.40414588 0.18602793 0.7096137  0.        ]
[0.01164897] [0.4023531  0.23160009 0.7450528  0.        ]
[0.01193587] [0.38451473 0.25045549 0.7388355  0.        ]
[0.01123508] [0.38260319 0.25943181 0.72156231 0.        ]
[0.01048497] [0.36365512 0.27157749 0.69186507 0.        ]
[0.01042571] [0.32020517 0.28895311 0.65337717 0.        ]
[0.01104509] [0.290569   0.31922298 0.61901287 0.        ]
[0.01217685] [0.2679537  0.35968356 0.58363291 0.        ]
[0.01356182] [0.25710484 0.40883712 0.55319862 0.        ]
[0.01487658] [0.26049242 0.46278271 0.53673202 0.        ]
[0.01571853] [0.28595904 0.51853293 0.52724364 0.        ]
[0.01647234] [0.3173098  0.57502685 0.52477392 0.        ]
[0.01581178] [0.33274856 0.60770621 0.51178416 0.        ]
[0.01415299] [0.33874958 0.62487653 0.5276382  0.        ]
[0.01148701] [0.33640849 0.62221698 0.52867919 0.        ]
[0.00883591] [0.33210708 0.61306821 0.52459603 0.        ]
[0.00729881] [0.33544516 0.6230092  0.52857721 0.        ]
[0.00554297] [0.33530981 0.6194544  0.52108367 0.        ]
[0.00426956] [0.33541804 0.62116448 0.53046546 0.        ]
[0.00320637] [0.33672357 0.61905628 0.51531325 0.        ]
[0.00238164] [0.32382809 0.61341648 0.52462572 0.        ]
[0.00192595] [0.33336495 0.61976718 0.52695617 0.        ]
[0.00163321] [0.28955997 0.53859159 0.47299119 0.        ]
[0.00287685] [0.27002478 0.46379345 0.43080284 0.        ]
[0.00519787] [0.27881265 0.3917816  0.39604907 0.        ]
[0.0081913] [0.29371227 0.32101335 0.390355   0.        ]
[0.01195286] [0.32441132 0.24924721 0.40694048 0.        ]
[0.01616678] [0.36833204 0.18495112 0.43776549 0.        ]
[0.02054893] [0.41140967 0.12919692 0.48894325 0.        ]
[0.02368212] [0.43792458 0.08636761 0.54245809 0.        ]
[0.02558609] [0.42903899 0.03243861 0.56483045 0.        ]
[0.02461549] [0.41568278 0.00902401 0.58954352 0.        ]
[0.02205094] [0.42508626 0.00942564 0.58423464 0.        ]
[0.01913626] [0.42550172 0.00940433 0.58493559 0.        ]
[0.01616087] [0.41963175 0.00662217 0.57871168 0.        ]
[0.01340552] [0.4247279  0.00897808 0.58477316 0.        ]
[0.01077203] [0.41992039 0.00824311 0.58682462 0.        ]
[0.00859764] [0.4208198  0.00543579 0.58610988 0.        ]
[0.00656239] [0.42004128 0.00677356 0.57838996 0.        ]
[0.00495285] [0.42298918 0.00851169 0.58837909 0.        ]
[0.0075674] [0.41680486 0.00442909 0.58191231 1.        ]
[0.00270873] [0.48268804 0.06925596 0.58877608 0.        ]
[0.00672298] [0.42041578 0.00481094 0.5846465  1.        ]
[0.00181076] [0.47794062 0.06492252 0.59046943 0.        ]
[0.00197043] [0.5126293  0.10302607 0.58256018 0.        ]
[0.00195382] [0.51857088 0.11358723 0.57201041 0.        ]
[0.00196816] [0.52003224 0.11361036 0.57589436 0.        ]
[0.00191654] [0.51876462 0.11700487 0.5651456  0.        ]
[0.0018823] [0.51725694 0.11473743 0.56686995 0.        ]
[0.00192224] [0.52104537 0.11488065 0.57551937 0.        ]
[0.00186147] [0.52090148 0.11511214 0.57438146 0.        ]
[0.00173303] [0.51764143 0.11570693 0.56510562 0.        ]
[0.00164195] [0.501675   0.12375109 0.53634408 0.        ]
[0.00197833] [0.47137606 0.15117443 0.46926038 0.        ]
[0.00294375] [0.40149115 0.16874138 0.43715432 0.        ]
[0.00441334] [0.33633173 0.1954547  0.43001558 0.        ]
[0.00672744] [0.2732561  0.25010833 0.43088236 0.        ]
[0.00956383] [0.23313915 0.33083211 0.4336233  0.        ]
[0.01222942] [0.15494562 0.34978035 0.48431368 0.        ]
