0.06353228345667356 1.0 0.7287591842330938 [0.42563197 0.48331552 0.29772468 0.        ]
0.08671031249155381 0.9656931483759675 0.7370821945718351 [0.37808478 0.46217878 0.34244988 0.        ]
0.14107258668495637 0.9361547476779715 0.7475010572624131 [0.30169436 0.44805088 0.38465784 0.        ]
0.1889073417837291 0.9096387027077881 0.7723085395629808 [0.23025651 0.44031033 0.42852303 0.        ]
0.21512412199107667 0.8897746716127177 0.787051960008163 [0.1765027  0.45136116 0.46472744 0.        ]
0.25729815771899117 0.868336767998339 0.7897808935847955 [0.11744786 0.45227153 0.51655672 0.        ]
0.30385639130424474 0.8666679922156553 0.7852850009740707 [0.0605407  0.42292245 0.57551342 0.        ]
0.31579338632932785 0.8750432082489401 0.7919932622691549 [0.01614618 0.43109737 0.60170094 0.        ]
1.0571318731906734 0.6121059109505064 0.9262535686355045 [0.00214154 0.41603773 0.60140636 1.        ]
1.0051936921882587 1.0 0.1762743446702555 [0.36098376 0.38893208 0.30632724 0.        ]
0.5611831657112509 0.9490521643596941 0.3427292339555702 [0.31872756 0.33098113 0.378707   0.        ]
0.4361368848274756 0.9243118957325975 0.48314235279421675 [0.28929184 0.28438852 0.44113162 0.        ]
0.3877857417315455 0.9038331961048706 0.5916140483750574 [0.28662986 0.23792554 0.50071628 0.        ]
0.36344867605887177 0.8883787502983205 0.6707639354774724 [0.33303169 0.16659478 0.5093831  0.        ]
0.3748636021833298 0.8686951902704662 0.7223389471328105 [0.39266421 0.10116642 0.53284051 0.        ]
0.37554039481240026 0.8745561094873091 0.7652935923849818 [0.40761391 0.05461382 0.57028008 0.        ]
0.37558498134171625 0.8780348970763686 0.794216450567757 [0.41855509 0.00755228 0.58918509 0.        ]
0.9843703043708018 0.6131037933860131 0.748326946787514 [0.4181049  0.00468444 0.57862228 1.        ]
1.0045100734030719 1.0 0.4150799895241746 [0.37828957 0.38083438 0.29837995 0.        ]
0.5551894184544665 0.9535096213043883 0.533950392748562 [0.35783658 0.3134029  0.35904371 0.        ]
0.43512213677353895 0.9262209983202653 0.6440622156738245 [0.35075933 0.2535635  0.42336375 0.        ]
0.3962082502076767 0.9011970778895683 0.7288433970993362 [0.36436602 0.19980122 0.48987617 0.        ]
0.3783160091541284 0.8812471454229448 0.8042798109391059 [0.42398248 0.14715513 0.51938773 0.        ]
0.36224393485883694 0.8659604029942609 0.849298656574244 [0.41607202 0.09640161 0.54700896 0.        ]
0.3597559345232339 0.8792988637106459 0.8920678820390391 [0.4265627  0.04517387 0.56595474 0.        ]
0.3421100662744743 0.8970552544152415 0.9182427538279134 [0.45180331 0.04006015 0.59752688 0.        ]
0.3082782348854648 0.9214636856449172 0.9188515140321714 [0.44464323 0.04521321 0.61017404 0.        ]
0.9828037773246289 0.6229505602774911 0.9290309711168993 [0.41213586 0.00454115 0.58284043 1.        ]
1.0027339558992046 1.0 0.6562494721668918 [0.43829496 0.45397759 0.29778837 0.        ]
0.5334032353707994 0.9705029302209432 0.6987534100940782 [0.42673283 0.46892295 0.35367452 0.        ]
0.39065232218915 0.955809935065663 0.7307395294895961 [0.42219091 0.47744874 0.4019855  0.        ]
0.34385691197183416 0.9371132069981101 0.7698986532755258 [0.44241557 0.49924389 0.46091838 0.        ]
0.33414938328967564 0.9160116498011495 0.7875045036449712 [0.45544755 0.51508453 0.52748191 0.        ]
0.3474276393120051 0.892577771349481 0.8113934879496891 [0.48852234 0.55199429 0.59095785 0.        ]
0.33852404925359136 0.8906559379342534 0.8143207146850364 [0.49943045 0.57233393 0.62965197 0.        ]
0.2984863341021514 0.9018265012539296 0.8142472531310629 [0.50627733 0.57635449 0.62734335 0.        ]
0.26412252765565897 0.9266328844885574 0.8135789074432308 [0.48218564 0.54624281 0.63142008 0.        ]
0.24652618610589278 0.9492467819548147 0.8112467313774745 [0.45224503 0.50128468 0.62368698 0.        ]
0.25228423747513695 0.9462746561709365 0.8115412844806564 [0.40942089 0.46510367 0.62769901 0.        ]
0.24960867067391865 0.9356683832448924 0.8107317487508151 [0.41002909 0.44774046 0.6477111  0.        ]
0.2611163237784927 0.9269397702167992 0.7994901533543708 [0.3747235  0.41292446 0.64628865 0.        ]
0.25620521651494566 0.9310587869951646 0.7981065472120438 [0.33426562 0.41159059 0.61685357 0.        ]
0.2563813349537317 0.936823395427614 0.799091111145689 [0.30124731 0.41490934 0.59313171 0.        ]
0.2973745672684673 0.9283010149088591 0.7793962210974164 [0.23884953 0.38182386 0.57908178 0.        ]
0.28008986099801547 0.9239026566105986 0.7928588559309182 [0.22846572 0.41159109 0.56398766 0.        ]
0.3225565664032988 0.9226490145689551 0.7755808430236502 [0.16579055 0.3855619  0.56500879 0.        ]
0.35626619848530483 0.9204236478975532 0.7710628356080504 [0.10951672 0.38127742 0.577687   0.        ]
0.3910329103281093 0.914706206490515 0.7720948996141395 [0.05526528 0.37099322 0.59458277 0.        ]
0.4030255120392021 0.9156386119338116 0.7755347011719462 [0.02133577 0.37999755 0.60596926 0.        ]
0.37496685938261565 0.9214268361285483 0.7862997338174726 [0.02990421 0.40861468 0.60050846 0.        ]
0.38082674671980343 0.9408070144309008 0.7774135497634667 [0.00605488 0.39329864 0.60322869 0.        ]
0.3383720950107631 0.9622042017497705 0.7895866264596458 [0.03872231 0.41350057 0.59063278 0.        ]
0.35206044566471917 0.9763835885503667 0.7779104882673473 [0.00620242 0.39344267 0.60460159 0.        ]
1.0433248920805163 0.626884451177562 0.8313419467062565 [0.00395996 0.39239046 0.6029293  1.        ]
1.0046228266644681 1.0 0.558397143456073 [0.33872621 0.37470921 0.29438532 0.        ]
0.5512180142954929 0.9568622747335843 0.603654989547548 [0.27016582 0.36863563 0.34640491 0.        ]
0.4348724510924991 0.9275194278778232 0.6361517043728936 [0.20198716 0.37016872 0.40733063 0.        ]
0.4012843498582957 0.8997020794321738 0.6655397867647708 [0.13588306 0.36330514 0.4698308  0.        ]
0.3941915027559151 0.8746255349604588 0.6965564754811616 [0.08021871 0.38626965 0.53170227 0.        ]
0.41168577874447165 0.8482864656803749 0.7231354767430138 [0.01201203 0.39148718 0.59338744 0.        ]
0.361796892678675 0.8651559301680574 0.7378962761085719 [0.00880488 0.39638661 0.60303719 0.        ]
0.31661120932807885 0.8945101643939299 0.7378825439583117 [0.00792482 0.3951084  0.60215986 0.        ]
0.974687733935894 0.6204827203528476 0.927613295343244 [0.00154559 0.38813356 0.60080512 1.        ]
1.0041087898795167 1.0 0.5378924813766297 [0.33861187 0.38422688 0.28922471 0.        ]
0.5531684344608251 0.9548595726959358 0.6024012863254706 [0.27059818 0.37252504 0.34742985 0.        ]
0.4327504129864949 0.9277764570627379 0.6688697963605504 [0.20501871 0.37042884 0.40423139 0.        ]
0.3987839887757123 0.900754458220957 0.7339823663511748 [0.13974695 0.3630764  0.46600638 0.        ]
0.38832640191159873 0.8771405396357214 0.7890541146180754 [0.08768268 0.38837601 0.52537658 0.        ]
0.40264609531076934 0.852373090760586 0.8311826575952257 [0.02246629 0.38925868 0.58427091 0.        ]
0.9680541768174378 0.6042785298991779 0.8591581648353152 [0.00485387 0.39263888 0.60407059 1.        ]
1.0033483557079228 1.0 0.5920025434693336 [0.34654985 0.38915608 0.28717029 0.        ]
0.5425949526659113 0.9630585644771557 0.6258690902130988 [0.29388715 0.40601107 0.33617261 0.        ]
0.42552556081992776 0.9340847309523989 0.6598098309051073 [0.23263443 0.41501272 0.39817549 0.        ]
0.38591019609866434 0.9087338082009042 0.6871747100085766 [0.17491849 0.41261723 0.45660643 0.        ]
0.3767994253939494 0.8851751700553129 0.7146395901810166 [0.12108904 0.41775244 0.51360264 0.        ]
0.38925098723702595 0.8609714942040378 0.7394134479587111 [0.06105706 0.41757329 0.57191012 0.        ]
0.38470027749008573 0.8659091626259301 0.7397518143632444 [0.01087925 0.39457857 0.59718899 0.        ]
0.9753017981807847 0.610488303351167 0.8591226380653049 [0.00474545 0.38641003 0.60001387 1.        ]
1.00445651510857 1.0 0.46109975172861556 [0.37151422 0.35349526 0.30841903 0.        ]
0.5556880571492706 0.9530033130210721 0.5293907347608653 [0.33930241 0.31148348 0.38608604 0.        ]
0.42528569829424656 0.9311717838843746 0.5840789361272315 [0.32342054 0.28230311 0.45284614 0.        ]
0.36001148470787075 0.9178154289240201 0.6251198665378298 [0.30956347 0.2489255  0.48907561 0.        ]
0.32499372661500675 0.9079069030762532 0.6576405823459834 [0.3212996  0.2039912  0.50902884 0.        ]
0.3154354418652598 0.8967984157491368 0.6805944759784536 [0.27574041 0.20354379 0.55818284 0.        ]
0.3052362616224863 0.9147517119951073 0.6986638026395338 [0.34311997 0.15649909 0.5748043  0.        ]
0.30619520284212554 0.9207396831224987 0.7213785779581149 [0.38875568 0.12264962 0.58277474 0.        ]
0.30920723748646606 0.9179506539951078 0.7148037380418252 [0.38928192 0.05823802 0.54289565 0.        ]
0.9761076505086781 0.6166491613877654 0.774777364374 [0.38611191 0.00489073 0.50492258 1.        ]
1.0048655071702868 1.0 0.6292907471531497 [0.34118265 0.36294456 0.28989604 0.        ]
0.565124901160053 0.9455073143992642 0.6919451125638101 [0.2637486  0.31666052 0.35104803 0.        ]
0.4486361014792766 0.9162606883931995 0.7396277142681854 [0.19371988 0.29222277 0.41297823 0.        ]
0.41988298039916605 0.8868645624235574 0.7678702271050788 [0.12512553 0.25775847 0.47751533 0.        ]
0.40509543278509924 0.8635188995785594 0.7812698672449879 [0.07497025 0.22804441 0.53049596 0.        ]
0.4026446697086227 0.843722292890476 0.7760606958671218 [0.01937338 0.25048765 0.58519121 0.        ]
0.3521147023884867 0.8707184540376401 0.7750011016756105 [0.01521272 0.26744531 0.59053245 0.        ]
0.3185138102273109 0.9017011697147825 0.7940844042508414 [0.01093775 0.27580574 0.6012202  0.        ]
0.9758574561168305 0.6217029435534183 0.8552823554691769 [0.00488481 0.26530252 0.59861179 1.        ]
1.0055588988895585 1.0 0.6253240526970916 [0.33440586 0.35971159 0.29029188 0.        ]
0.5612880671638444 0.9492432795727423 0.6559980730649335 [0.26207839 0.31866901 0.34850891 0.        ]
0.43460435946955767 0.9253410620898733 0.6797868274690866 [0.20441946 0.30083675 0.40354542 0.        ]
0.39719652041114684 0.9007185136482561 0.7012604629811325 [0.14457086 0.2847457  0.46388432 0.        ]
0.39722180801679075 0.874643184953285 0.716886293387745 [0.08110263 0.27793595 0.52944582 0.        ]
0.41612804505985296 0.8474289385777054 0.7374972261203387 [0.01209283 0.25823428 0.59007119 0.        ]
0.9712660838251116 0.6035218957647144 0.8193499479141372 [0.00170528 0.26561793 0.60194859 1.        ]
1.0052523908242175 1.0 0.54047430702665 [0.35516684 0.352278   0.3036477  0.        ]
0.5560932110018345 0.9533806366262672 0.6180913163651656 [0.30982558 0.29713591 0.36362253 0.        ]
0.435755544919646 0.9262392166341602 0.6924375100384026 [0.27841324 0.25033866 0.43114016 0.        ]
0.35253885568521287 0.9190911491383245 0.7188759914300211 [0.31588497 0.2149691  0.44315911 0.        ]
0.33318464479057786 0.9064242377405798 0.736360754921936 [0.31114154 0.18461333 0.4999972  0.        ]
0.35047395692495814 0.8868228033763502 0.7448315546050496 [0.24909348 0.12861037 0.54334827 0.        ]
0.3524098586438331 0.8938959588338673 0.7658583865509719 [0.24682046 0.05126652 0.53265659 0.        ]
0.3473726709603152 0.8974788527522424 0.7754560229901786 [0.27254058 0.0071168  0.54832309 0.        ]
0.3018375584938571 0.9070340663753407 0.7786985500779814 [0.2800893  0.01643291 0.54266996 0.        ]
0.2764681888916066 0.927353122862223 0.7775758115646902 [0.27363347 0.00990979 0.54471803 0.        ]
0.2595460809361397 0.9542887750425909 0.7704965467335052 [0.25465478 0.01621887 0.5616865  0.        ]
0.25653546488780726 0.9609081758902958 0.7545029300653914 [0.2047919  0.07256687 0.58546498 0.        ]
0.27429504684411643 0.9336591483742991 0.7304827292900062 [0.16175004 0.12555563 0.60911456 0.        ]
0.29137992775823746 0.9123412494476266 0.7140842060358152 [0.17121056 0.16813684 0.66189626 0.        ]
0.2929487791912008 0.9032628311342319 0.6985899505207531 [0.15486262 0.19368814 0.67124342 0.        ]
0.27276144102481686 0.9135079452335005 0.7059472064606767 [0.19460707 0.18890881 0.68542041 0.        ]
0.2626922504749293 0.9343406748873713 0.7108125410967481 [0.23401166 0.19221883 0.69288225 0.        ]
0.2652892950024609 0.9406795198487816 0.7064378947599397 [0.27713817 0.2050616  0.70126828 0.        ]
0.2929501235863775 0.9336452225600806 0.689267120839893 [0.32220629 0.24139012 0.72435616 0.        ]
0.3075105301018305 0.9194671181323059 0.677965234107872 [0.3694142  0.25848869 0.72786807 0.        ]
0.3415088871538214 0.9142504637500555 0.6398817236961203 [0.39911304 0.29813462 0.75831204 0.        ]
0.32673465772795657 0.9210805587645734 0.6367828793533425 [0.40042067 0.30146157 0.7555125  0.        ]
0.2986684637695799 0.9386965678354209 0.6553839404186502 [0.40278698 0.28263857 0.73650245 0.        ]
0.2912010258954218 0.9616854944813124 0.6468601154445661 [0.38884266 0.29163611 0.75249977 0.        ]
0.2919186627251335 0.9774471809970069 0.6370322396719955 [0.40159498 0.30088961 0.75988492 0.        ]
0.27399869759603535 0.9888201651329448 0.6406407739655471 [0.39980467 0.29785531 0.74864648 0.        ]
0.2530225799687419 0.9826149456815365 0.6653711896778751 [0.40464432 0.27294983 0.72181493 0.        ]
0.23588429738341699 0.9674639179477865 0.6930946035254233 [0.40261266 0.24305043 0.68392048 0.        ]
0.22060174044033098 0.9393389516371715 0.7399467990471481 [0.37935852 0.18580175 0.63653431 0.        ]
0.2210761755576036 0.9114163444403232 0.7663918770490667 [0.35769588 0.13471838 0.58545096 0.        ]
0.23733121567255452 0.8917400978611908 0.7692628393634269 [0.34564148 0.11020866 0.51649289 0.        ]
0.23890743801371161 0.8898193683788169 0.7809555816523737 [0.3176634  0.05587282 0.53845705 0.        ]
0.25417589028929244 0.8935501402709627 0.7770116918877208 [0.27111965 0.00925041 0.54343041 0.        ]
0.24040146825756625 0.9156705048089996 0.7794464061616964 [0.28387527 0.0190636  0.54437711 0.        ]
1.01767614606254 0.6215969084983557 0.7524089797266783 [0.26646795 0.00161491 0.55138728 1.        ]
1.0011039263918091 1.0 0.5155799345693974 [0.43155443 0.41169443 0.23797328 0.        ]
0.5549016385110449 0.9492503964226173 0.5636170819378895 [0.40700995 0.34229321 0.30785266 0.        ]
0.4361221930094914 0.9211713734951915 0.5845518433078796 [0.39985169 0.27967949 0.37483742 0.        ]
0.4077614014363012 0.8917722319135365 0.6002374427231392 [0.39553894 0.21706537 0.45201855 0.        ]
0.4072537681595419 0.8640491226661997 0.6202765735722352 [0.40232588 0.16949081 0.53397991 0.        ]
0.4088917503784322 0.8407480366603367 0.6288631966164578 [0.40810059 0.14128273 0.60787822 0.        ]
0.382635652194533 0.8577016782838622 0.6361254665133707 [0.40736366 0.10362806 0.62357256 0.        ]
0.3716769981859812 0.8790559325985965 0.637756613450182 [0.42021454 0.10258738 0.66968035 0.        ]
0.3277826083934282 0.9115698653361362 0.640367160374301 [0.42557371 0.09902772 0.66162509 0.        ]
0.28731291157766375 0.9462618246801021 0.6437332658372802 [0.44510448 0.11045903 0.63887802 0.        ]
0.294340416409674 0.9613797302421114 0.626408095328912 [0.38234298 0.05299882 0.63228865 0.        ]
0.31344112998843265 0.9464375046115621 0.6050252814495422 [0.34243583 0.00706228 0.61888071 0.        ]
0.2898476658860869 0.9373757965591193 0.6005739318719326 [0.33730531 0.01080179 0.62195728 0.        ]
0.2720189211491154 0.934388856801319 0.6020368701842329 [0.30856856 0.0329969  0.60898124 0.        ]
1.0002134469838446 0.6227475057637202 0.8765311282736469 [0.34139225 0.00413308 0.61064978 1.        ]
1.0008119265541913 1.0 0.5075367489637024 [0.40387779 0.37896712 0.27435305 0.        ]
0.5327584529289527 0.9697107534458019 0.5307971423864227 [0.39034078 0.35840954 0.32970546 0.        ]
0.3798205806496671 0.961267481327649 0.5488952154526728 [0.38804736 0.31969658 0.34096909 0.        ]
0.3275218060819044 0.9469527439992164 0.569838257126082 [0.38460869 0.2583554  0.32400456 0.        ]
0.32217544714530344 0.9254553261992704 0.5902166905149347 [0.35172723 0.19460851 0.34948547 0.        ]
0.3307155272416463 0.9027847942191626 0.6168699082242087 [0.34064306 0.12814011 0.37487755 0.        ]
0.37516978180792526 0.8825469810508249 0.635966554068813 [0.29230117 0.05696583 0.43951086 0.        ]
0.37973692516703794 0.87263104555109 0.674640034084602 [0.30603854 0.01202265 0.48340052 0.        ]
0.34196266321371355 0.8825783296094174 0.6774197469267641 [0.30835076 0.00701428 0.48507913 0.        ]
0.3031918400619267 0.9084708563769732 0.6742097715354699 [0.30716275 0.01366048 0.48229111 0.        ]
0.2751298806100117 0.9393132030379788 0.672736079167974 [0.3057675  0.01312079 0.47423293 0.        ]
0.9833229137027883 0.6264997623649369 0.7940674190443641 [0.30831357 0.00380075 0.4843952  1.        ]
1.0027692382288638 1.0 0.48263144239492795 [0.39042122 0.39543367 0.28862536 0.        ]
0.5573929339076301 0.9500694227901665 0.5266053999646105 [0.35388377 0.33659364 0.36056364 0.        ]
0.4338103780258697 0.9246916139797016 0.553340876285919 [0.33727041 0.29080279 0.43027547 0.        ]
0.3970174696924522 0.89952263229021 0.5794029432165456 [0.33868996 0.24929601 0.50909411 0.        ]
0.3868590015755773 0.8767331331866397 0.6018266262176628 [0.35946572 0.23522963 0.59108032 0.        ]
0.38517872967073014 0.8569966050905046 0.6118220692872907 [0.38131242 0.25070533 0.66582092 0.        ]
0.34923705699541846 0.8753231425150645 0.6150463115869642 [0.38757401 0.20608537 0.67006097 0.        ]
0.3333332997324766 0.8959764293992835 0.6139267919126908 [0.39579966 0.18973294 0.69565383 0.        ]
0.3141556817208552 0.9215624223786384 0.6143798101474571 [0.4094601  0.15928676 0.69273292 0.        ]
0.3059803121286783 0.9361902300273781 0.6087274553605758 [0.38276286 0.09808733 0.63898479 0.        ]
0.3165909913913978 0.9244904729748833 0.6034227001054226 [0.39760376 0.04677779 0.60648421 0.        ]
0.3270119299279744 0.9141039279704829 0.5995898379098243 [0.41290834 0.00510733 0.58330912 0.        ]
0.30192747792732 0.9133049370467619 0.5973475286126152 [0.41394333 0.00595983 0.57910813 0.        ]
0.2799159896876936 0.9288774998326654 0.5998733468180059 [0.42426672 0.01089703 0.58914933 0.        ]
0.2626378806469882 0.9471527289734837 0.5960561914271595 [0.48650892 0.07521941 0.59057741 0.        ]
0.258336849483082 0.9400581899150444 0.586044773377265 [0.51546897 0.11097244 0.57027147 0.        ]
0.24374358874377464 0.9343960980451874 0.5886333719103154 [0.51578971 0.10706391 0.58084401 0.        ]
0.23102753560619332 0.9368412614580122 0.5882893943954269 [0.51745852 0.10921565 0.5799576  0.        ]
0.21997832148676272 0.9484625684882462 0.5960605322114962 [0.45928628 0.04653082 0.58004798 0.        ]
1.0006299813819868 0.623240738664496 0.836248749766089 [0.41244542 0.00438263 0.57926496 1.        ]
1.000798894167033 1.0 0.5240524022411732 [0.42595253 0.37451212 0.24194471 0.        ]
0.5564050759631731 0.9475063489893939 0.5725514692719329 [0.38527493 0.31541596 0.31859529 0.        ]
0.39927448016801087 0.9395137705292134 0.6066105402651711 [0.38319108 0.2766124  0.33524413 0.        ]
0.3469608728392319 0.9261360404453429 0.6213187394761511 [0.37869506 0.23691287 0.38114844 0.        ]
0.3146140360721408 0.9149648072801742 0.6306808976151416 [0.37539045 0.20048712 0.40594452 0.        ]
0.3580671823328425 0.888472891724504 0.6326929107466397 [0.31010402 0.11856406 0.45284037 0.        ]
0.36774160241766557 0.8874869823456158 0.6390617907747037 [0.29792457 0.0667422  0.49541274 0.        ]
0.36064425767426483 0.8834350295909763 0.6346236197726297 [0.31195597 0.05010135 0.54556584 0.        ]
0.9884530590269078 0.6107189954227611 0.7361605878880313 [0.26999685 0.00436477 0.55235417 1.        ]
1.0033282466724964 1.0 0.3447002596090434 [0.55518693 0.36497241 0.23140376 0.        ]
0.5387422175600083 0.9658238459789645 0.3589396106493081 [0.52649745 0.31747729 0.27131824 0.        ]
0.3888857847696783 0.9548088217410952 0.3691063891234734 [0.51626594 0.27816116 0.28460319 0.        ]
0.2969543225595761 0.9537378399367125 0.36962453225642544 [0.51537686 0.27223641 0.2878611  0.        ]
0.23538186511589929 0.9562372676259918 0.3710678595840425 [0.51398843 0.27889439 0.28306801 0.        ]
0.204769590554827 0.9572540568063741 0.3703433366027752 [0.51703678 0.26459673 0.28463953 0.        ]
0.1753458477268344 0.9812482454916596 0.3709205465711224 [0.50850334 0.27674252 0.2913992  0.        ]
0.1514264488307095 0.9935359673382869 0.3713203090553429 [0.51202312 0.27788531 0.28847684 0.        ]
0.19987268518406884 0.9711213437076446 0.3371564990619597 [0.48517591 0.22895257 0.34097327 0.        ]
0.249120599079858 0.9415539949216606 0.3295329021962143 [0.49142316 0.18950198 0.41076875 0.        ]
0.29985617510668355 0.9107548639845956 0.2941203551466197 [0.53416298 0.1816678  0.49689885 0.        ]
0.34576586904115564 0.8822289777470773 0.2741791041887788 [0.58308367 0.20328969 0.57467853 0.        ]
0.32729637799968175 0.8792853397204105 0.31673386707968587 [0.53933448 0.13572647 0.56095366 0.        ]
0.3102399724307418 0.8999317195023985 0.3446691268901344 [0.49507118 0.13219602 0.55991254 0.        ]
0.2860998163657666 0.9264069965102606 0.3592307544667934 [0.47340846 0.17086489 0.56148622 0.        ]
0.2723717823995785 0.947237875905828 0.35809401910294053 [0.47939299 0.15108677 0.56205315 0.        ]
0.25257184673940225 0.9524135249081971 0.35875218335911685 [0.47480823 0.16943309 0.55979565 0.        ]
0.25698887673147897 0.9689388990063684 0.3354718474462795 [0.51455786 0.11707624 0.56172782 0.        ]
0.2629489599419071 0.960131535480663 0.32368063740897846 [0.5040799  0.07036129 0.52907086 0.        ]
0.2822534599904053 0.9386006013461358 0.32204203262216646 [0.51893884 0.02305031 0.50807874 0.        ]
0.27963340462028535 0.9322012138004734 0.3180513731404805 [0.5269835  0.01100637 0.50985791 0.        ]
1.008501035603258 0.6212431458331921 0.3476035634695324 [0.52720714 0.00468622 0.50294993 1.        ]
0.9656556189670076 0.5262246926286714 0.34417031363455425 [0.53191418 0.00483506 0.50995325 1.        ]
0.3028951428779659 0.527267530986314 0.34173553066438567 [0.49054645 0.05289722 0.46272725 0.        ]
0.9283511870823337 0.49922022750806605 0.34756721714040895 [0.52684846 0.00343412 0.50469544 1.        ]
0.31605338981696846 0.49852999466817083 0.343797415134509 [0.48737847 0.06038944 0.45323887 0.        ]
0.2963528574863441 0.4972451326236903 0.3477614222905593 [0.47976346 0.09874919 0.42557377 0.        ]
0.29228915672877126 0.5259006221396831 0.34539306458837027 [0.48402713 0.07004991 0.44805441 0.        ]
0.2775015982113277 0.6246133984945696 0.34766967405065163 [0.48032055 0.09813744 0.42447543 0.        ]
0.27809015105592266 0.6245812005136876 0.3444352004497537 [0.48192306 0.06293711 0.47066043 0.        ]
0.9107473594032761 0.6245906416359202 0.34634365626376623 [0.52936874 0.00461445 0.5038162  1.        ]
0.2956695421987384 0.6245438117549915 0.34206143105249404 [0.48967302 0.0522803  0.46427409 0.        ]
0.28138360715308025 0.6250860799298775 0.34558733461458024 [0.48075239 0.06917879 0.46268829 0.        ]
0.26936477393847863 0.624483292850345 0.34764662768240784 [0.46965886 0.11267705 0.45069064 0.        ]
0.26806742877761713 0.6232139980484203 0.3477237606273374 [0.47234786 0.1411479  0.40990397 0.        ]
0.27205720612739254 0.6200469080697024 0.3429987938040278 [0.47278892 0.18575461 0.38528206 0.        ]
0.2877357481059009 0.921587319948455 0.33685187056315924 [0.48827213 0.22887489 0.33348155 0.        ]
0.3166813187779977 0.9030420472395705 0.37034820368479393 [0.51645766 0.27928116 0.27863611 0.        ]
0.351789951696741 0.894168758114446 0.3558153147537197 [0.5388973  0.32191244 0.24828314 0.        ]
0.38593572394198333 0.8917779040788456 0.34301559240816226 [0.56204573 0.36002801 0.22073031 0.        ]
0.42975422474715685 0.8917732464332975 0.32414146732638893 [0.59236272 0.41365318 0.20167125 0.        ]
0.45618478285957503 0.9020353279222532 0.36090004805841364 [0.56266107 0.43328995 0.15251216 0.        ]
0.5122706738698262 0.9058215633857398 0.3908186467325816 [0.55875504 0.48452522 0.10017888 0.        ]
0.5339550178561573 0.9054444311052945 0.4311774996651153 [0.51948705 0.48419119 0.0497769  0.        ]
0.5632953376288792 0.9041549246534462 0.449209143939748 [0.50663907 0.50715888 0.01181297 0.        ]
0.521953988670371 0.9139025651877768 0.46743925860495106 [0.45371718 0.51378336 0.07380282 0.        ]
0.49216201040963103 0.9178678041505781 0.6308251064082215 [0.39023843 0.5059232  0.13643818 0.        ]
0.4938978835292484 0.9037048698860647 0.6589805945226848 [0.3491696  0.53266663 0.19588113 0.        ]
0.5054654335087144 0.8813408379636571 0.6909600202031283 [0.30551305 0.55466135 0.25846773 0.        ]
0.5288617397156503 0.8638985121848253 0.7107552441505219 [0.2673921  0.58225431 0.31811515 0.        ]
0.5601163110935008 0.859569703694328 0.7340330701730798 [0.20115143 0.60020359 0.39708955 0.        ]
0.6043265290484316 0.8546203962184924 0.7440609743472609 [0.15583118 0.62250488 0.47027876 0.        ]
0.6241317050304782 0.8571928070629846 0.7509487067599889 [0.11067636 0.61149912 0.50830363 0.        ]
0.6312646098334208 0.8682948948326057 0.7611614939856038 [0.05323635 0.57024449 0.51308417 0.        ]
1.1336296363289136 0.6088805830852391 0.9252694023777033 [0.00339878 0.52887087 0.51332198 1.        ]
