0 exploration 100 model selected_goal competence
1 exploration 100 model selected_goal competence
2 exploration 100 model selected_goal competence
3 exploration_path 9 None [0.00496623 0.41182643 0.59915314 1.        ] 0.2
4 exploration_path 9 None [0.41459504 0.00263834 0.58356319 1.        ] 0.2
5 exploration_path 10 None [0.41459504 0.00263834 0.58356319 1.        ] 0.3
6 exploration_path 26 None [0.00496623 0.41182643 0.59915314 1.        ] 0.3
7 exploration_path 9 None [0.00496623 0.41182643 0.59915314 1.        ] 0.4
8 exploration_path 7 None [0.00496623 0.41182643 0.59915314 1.        ] 0.5
9 exploration_path 8 None [0.00496623 0.41182643 0.59915314 1.        ] 0.6
10 exploration_path 10 None [0.41459504 0.00263834 0.58356319 1.        ] 0.4
11 exploration_path 9 None [0.00496623 0.41182643 0.59915314 1.        ] 0.7
12 exploration_path 7 None [0.00496623 0.41182643 0.59915314 1.        ] 0.8
13 exploration_path 35 None [0.41459504 0.00263834 0.58356319 1.        ] 0.5
14 improvement 6 0 [0.00496623 0.41182643 0.59915314 1.        ] 0.5
15 exploration_path 15 None [0.41459504 0.00263834 0.58356319 1.        ] 0.6
16 exploration_path 12 None [0.41459504 0.00263834 0.58356319 1.        ] 0.7
17 exploration_path 20 None [0.41459504 0.00263834 0.58356319 1.        ] 0.8
18 improvement 31 2 [0.41459504 0.00263834 0.58356319 1.        ] 0.8
19 improvement 100 2 [0.41459504 0.00263834 0.58356319 1.        ] 0.8
20 improvement 6 0 [0.00496623 0.41182643 0.59915314 1.        ] 0.8
21 improvement 7 0 [0.00496623 0.41182643 0.59915314 1.        ] 0.8
22 exploration_path 9 2 [0.41459504 0.00263834 0.58356319 1.        ] 0.9
23 improvement 10 0 [0.00496623 0.41182643 0.59915314 1.        ] 0.9
24 improvement 8 0 [0.00496623 0.41182643 0.59915314 1.        ] 0.9
25 improvement 8 0 [0.00496623 0.41182643 0.59915314 1.        ] 0.9
26 improvement 11 0 [0.41459504 0.00263834 0.58356319 1.        ] 0.9
27 improvement 6 0 [0.00496623 0.41182643 0.59915314 1.        ] 0.9
28 improvement 9 0 [0.41459504 0.00263834 0.58356319 1.        ] 0.9
29 improvement 13 0 [0.00496623 0.41182643 0.59915314 1.        ] 0.9
30 improvement 11 0 [0.41459504 0.00263834 0.58356319 1.        ] 0.9
31 improvement 7 0 [0.00496623 0.41182643 0.59915314 1.        ] 0.9
32 improvement 11 0 [0.41459504 0.00263834 0.58356319 1.        ] 0.9
33 improvement 10 0 [0.00496623 0.41182643 0.59915314 1.        ] 0.9
34 improvement 10 0 [0.41459504 0.00263834 0.58356319 1.        ] 0.9
35 improvement 7 0 [0.00496623 0.41182643 0.59915314 1.        ] 0.9
36 improvement 7 0 [0.00496623 0.41182643 0.59915314 1.        ] 0.9
37 improvement 12 0 [0.41459504 0.00263834 0.58356319 1.        ] 0.9
38 improvement 7 0 [0.00496623 0.41182643 0.59915314 1.        ] 0.9
39 improvement 12 0 [0.41459504 0.00263834 0.58356319 1.        ] 0.9
40 improvement 7 0 [0.00496623 0.41182643 0.59915314 1.        ] 0.9
41 improvement 13 0 [0.41459504 0.00263834 0.58356319 1.        ] 0.9
42 improvement 9 0 [0.00496623 0.41182643 0.59915314 1.        ] 0.9
43 improvement 8 0 [0.00496623 0.41182643 0.59915314 1.        ] 0.9
44 improvement 9 0 [0.41459504 0.00263834 0.58356319 1.        ] 0.9
45 improvement 12 0 [0.00496623 0.41182643 0.59915314 1.        ] 0.9
46 improvement 11 0 [0.41459504 0.00263834 0.58356319 1.        ] 0.9
47 improvement 10 0 [0.41459504 0.00263834 0.58356319 1.        ] 0.9
48 improvement 6 0 [0.00496623 0.41182643 0.59915314 1.        ] 0.9
49 improvement 7 0 [0.00496623 0.41182643 0.59915314 1.        ] 0.9
50 improvement 9 0 [0.41459504 0.00263834 0.58356319 1.        ] 0.9
51 improvement 100 0 [0.00496623 0.41182643 0.59915314 1.        ] 0.8
52 improvement 8 0 [0.41459504 0.00263834 0.58356319 1.        ] 0.9
53 exploration_path 55 0 [0.00496623 0.41182643 0.59915314 1.        ] 0.9
54 improvement 13 0 [0.41459504 0.00263834 0.58356319 1.        ] 0.9
55 improvement 9 0 [0.41459504 0.00263834 0.58356319 1.        ] 0.9
56 improvement 12 0 [0.41459504 0.00263834 0.58356319 1.        ] 0.9
57 improvement 16 0 [0.00496623 0.41182643 0.59915314 1.        ] 0.9
58 improvement 10 0 [0.41459504 0.00263834 0.58356319 1.        ] 0.9
59 improvement 9 0 [0.41459504 0.00263834 0.58356319 1.        ] 0.9
60 improvement 13 0 [0.41459504 0.00263834 0.58356319 1.        ] 0.9
61 improvement 15 0 [0.00496623 0.41182643 0.59915314 1.        ] 0.9
62 improvement 8 0 [0.41459504 0.00263834 0.58356319 1.        ] 0.9
63 improvement 14 0 [0.00496623 0.41182643 0.59915314 1.        ] 0.9
64 improvement 14 0 [0.00496623 0.41182643 0.59915314 1.        ] 0.9
65 improvement 10 0 [0.41459504 0.00263834 0.58356319 1.        ] 0.9
66 improvement 14 0 [0.41459504 0.00263834 0.58356319 1.        ] 0.9
67 improvement 15 0 [0.00496623 0.41182643 0.59915314 1.        ] 0.9
68 improvement 9 0 [0.41459504 0.00263834 0.58356319 1.        ] 0.9
69 improvement 12 0 [0.41459504 0.00263834 0.58356319 1.        ] 0.9
70 improvement 16 0 [0.00496623 0.41182643 0.59915314 1.        ] 0.9
71 improvement 14 0 [0.00496623 0.41182643 0.59915314 1.        ] 0.9
72 improvement 8 0 [0.41459504 0.00263834 0.58356319 1.        ] 0.9
73 improvement 19 0 [0.00496623 0.41182643 0.59915314 1.        ] 0.9
74 improvement 13 0 [0.41459504 0.00263834 0.58356319 1.        ] 0.9
75 improvement 16 0 [0.00496623 0.41182643 0.59915314 1.        ] 0.9
76 improvement 17 0 [0.41459504 0.00263834 0.58356319 1.        ] 0.9
77 improvement 18 0 [0.00496623 0.41182643 0.59915314 1.        ] 0.9
78 improvement 9 0 [0.41459504 0.00263834 0.58356319 1.        ] 0.9
79 improvement 15 0 [0.00496623 0.41182643 0.59915314 1.        ] 0.9
80 improvement 9 0 [0.41459504 0.00263834 0.58356319 1.        ] 0.9
81 improvement 16 0 [0.00496623 0.41182643 0.59915314 1.        ] 0.9
82 improvement 9 0 [0.41459504 0.00263834 0.58356319 1.        ] 0.9
83 improvement 20 0 [0.00496623 0.41182643 0.59915314 1.        ] 0.9
84 improvement 12 0 [0.41459504 0.00263834 0.58356319 1.        ] 0.9
85 improvement 16 0 [0.00496623 0.41182643 0.59915314 1.        ] 0.9
86 improvement 8 0 [0.41459504 0.00263834 0.58356319 1.        ] 0.9
87 improvement 19 0 [0.00496623 0.41182643 0.59915314 1.        ] 0.9
88 improvement 15 0 [0.00496623 0.41182643 0.59915314 1.        ] 0.9
89 improvement 8 0 [0.41459504 0.00263834 0.58356319 1.        ] 0.9
90 improvement 9 0 [0.41459504 0.00263834 0.58356319 1.        ] 0.9
91 improvement 15 0 [0.00496623 0.41182643 0.59915314 1.        ] 0.9
92 improvement 15 0 [0.00496623 0.41182643 0.59915314 1.        ] 0.9
93 improvement 10 0 [0.41459504 0.00263834 0.58356319 1.        ] 0.9
94 improvement 8 0 [0.41459504 0.00263834 0.58356319 1.        ] 0.9
95 improvement 17 0 [0.00496623 0.41182643 0.59915314 1.        ] 0.9
96 improvement 20 0 [0.00496623 0.41182643 0.59915314 1.        ] 0.9
97 improvement 9 0 [0.41459504 0.00263834 0.58356319 1.        ] 0.9
98 improvement 9 0 [0.41459504 0.00263834 0.58356319 1.        ] 0.9
99 improvement 18 0 [0.00496623 0.41182643 0.59915314 1.        ] 0.9
100 improvement 9 0 [0.41459504 0.00263834 0.58356319 1.        ] 0.9
