[0.16668954] [0.48320486 0.48627617 0.22401266 0.        ]
[0.16165952] [0.54150695 0.49409765 0.21925648 0.        ]
[0.15722165] [0.59358793 0.50828203 0.225214   0.        ]
[0.15400286] [0.64374055 0.52064199 0.25320271 0.        ]
[0.15354863] [0.7016846  0.54335161 0.29499806 0.        ]
[0.15229362] [0.75313387 0.56232638 0.3392951  0.        ]
[0.14909391] [0.79560307 0.59975178 0.35668558 0.        ]
[0.14388357] [0.83020054 0.6279402  0.37099526 0.        ]
[0.13919514] [0.86669963 0.65997797 0.38799202 0.        ]
[0.13496326] [0.90304842 0.68885447 0.41624712 0.        ]
[0.13112813] [0.94255726 0.72319478 0.44392646 0.        ]
[0.12662083] [0.97989305 0.76654816 0.46078168 0.        ]
[0.11686327] [0.9886076  0.76750608 0.47809015 0.        ]
[0.10607862] [0.99039519 0.77161861 0.47605739 0.        ]
[0.09494685] [0.98495327 0.76275828 0.47325732 0.        ]
[0.08555952] [0.98419201 0.76392346 0.47109249 0.        ]
[0.07715999] [0.98481153 0.76055412 0.47548528 0.        ]
[0.07000928] [0.99040473 0.77123265 0.47584168 0.        ]
[0.06247568] [0.98615765 0.76079931 0.47892067 0.        ]
[0.05656049] [0.99233253 0.7707567  0.48111492 0.        ]
[0.05030576] [0.98782162 0.76584543 0.4780525  0.        ]
[0.0450799] [0.98940739 0.7660004  0.48020322 0.        ]
[0.04029569] [0.9898898  0.76798301 0.4785109  0.        ]
[0.03604147] [0.99101534 0.77337209 0.47442303 0.        ]
[0.0321452] [0.99141299 0.77250721 0.47667597 0.        ]
[0.02854752] [0.98990215 0.76944761 0.47849403 0.        ]
[0.02540258] [0.99109519 0.7732915  0.47502417 0.        ]
[0.02239994] [0.99027237 0.76681963 0.48037635 0.        ]
[0.01983746] [0.99196995 0.77153186 0.47863843 0.        ]
[0.01746515] [0.99225355 0.77337134 0.47750901 0.        ]
[0.01522349] [0.97511618 0.76813507 0.44772954 0.        ]
[0.01359854] [0.96121254 0.77230101 0.41636126 0.        ]
[0.01230633] [0.93196186 0.76326452 0.37309114 0.        ]
[0.01165001] [0.86866363 0.72183988 0.30219085 0.        ]
[0.01196527] [0.81714534 0.70058719 0.23665743 0.        ]
[0.01271003] [0.75189721 0.6577215  0.17037989 0.        ]
[0.01383375] [0.70689517 0.64896662 0.11214001 0.        ]
[0.01452815] [0.66040517 0.63003682 0.06369818 0.        ]
[0.01526859] [0.60895646 0.59084484 0.01414976 0.        ]
[0.0137069] [0.6012998  0.57907759 0.00447023 0.        ]
[0.01162861] [0.60656444 0.58390836 0.00610963 0.        ]
[0.00997089] [0.59690935 0.5817062  0.00634752 0.        ]
[0.0083083] [0.59712417 0.57438835 0.00870885 0.        ]
[0.00713748] [0.6005648  0.58086482 0.00121482 0.        ]
[0.00590433] [0.54102279 0.50957136 0.07501119 0.        ]
[0.00607657] [0.50362157 0.4761525  0.12304608 0.        ]
[0.00707355] [0.48191356 0.44220353 0.17974879 0.        ]
[0.00874897] [0.46620244 0.41667629 0.24107742 0.        ]
[0.01278403] [0.43071358 0.35830461 0.31241844 0.        ]
[0.01787015] [0.39808073 0.29757402 0.38303163 0.        ]
[0.02371676] [0.37916639 0.24623729 0.4612741  0.        ]
[0.02918139] [0.38780239 0.21569111 0.54375948 0.        ]
[0.03215761] [0.39591759 0.20272969 0.60521816 0.        ]
[0.03320987] [0.36942052 0.2071743  0.65659664 0.        ]
[0.03384331] [0.37850008 0.2395221  0.72194408 0.        ]
[0.03277836] [0.40193632 0.24776068 0.75854423 0.        ]
[0.02827124] [0.40148212 0.22494229 0.74217886 0.        ]
[0.0245719] [0.39220686 0.2436123  0.75158536 0.        ]
[0.02104475] [0.39975207 0.23747917 0.74858041 0.        ]
[0.01813371] [0.40050578 0.2450316  0.75620261 0.        ]
[0.01493113] [0.40063468 0.22540261 0.7418626  0.        ]
[0.01249552] [0.38947534 0.24489111 0.75201647 0.        ]
[0.01049502] [0.4020999  0.24731304 0.75667542 0.        ]
[0.00837645] [0.39036209 0.24291757 0.74876541 0.        ]
[0.00690543] [0.40039765 0.229973   0.74535822 0.        ]
[0.00581141] [0.40133427 0.24682603 0.75689201 0.        ]
[0.00474547] [0.39709054 0.25004015 0.75310425 0.        ]
[0.00409679] [0.39982761 0.2495014  0.75901779 0.        ]
[0.00349753] [0.39885446 0.24944012 0.75460208 0.        ]
[0.00309782] [0.39735061 0.24960277 0.75167884 0.        ]
[0.00290246] [0.34108951 0.24628445 0.70428291 0.        ]
[0.00366606] [0.28514329 0.25762952 0.66399371 0.        ]
[0.00538219] [0.2343061  0.28442031 0.61845057 0.        ]
[0.00761491] [0.19730946 0.31745813 0.56947273 0.        ]
[0.01037828] [0.17499211 0.38106078 0.56356995 0.        ]
[0.01252939] [0.17820895 0.43264598 0.54355529 0.        ]
[0.01450617] [0.20951025 0.49145832 0.5266255  0.        ]
[0.01657824] [0.26254652 0.53677513 0.47455237 0.        ]
[0.01815812] [0.32089467 0.57076473 0.43740304 0.        ]
[0.01879144] [0.35991384 0.59119999 0.41055165 0.        ]
[0.01757083] [0.36737279 0.58075332 0.37656639 0.        ]
[0.01729842] [0.39316938 0.57007368 0.32868234 0.        ]
[0.01779198] [0.41825217 0.57687779 0.28742338 0.        ]
[0.0184404] [0.44825738 0.5801886  0.24122126 0.        ]
[0.01874576] [0.47494633 0.56411884 0.18532364 0.        ]
[0.02024112] [0.51776487 0.58908332 0.14321036 0.        ]
[0.02126431] [0.55497129 0.58754686 0.08818838 0.        ]
[0.0220249] [0.59231833 0.60067047 0.04350319 0.        ]
[0.02087635] [0.63828958 0.62440994 0.04300171 0.        ]
[0.01805548] [0.68593716 0.65163217 0.08492886 0.        ]
[0.01560972] [0.7275583  0.69087991 0.13284245 0.        ]
[0.01405822] [0.77292712 0.72376874 0.18055256 0.        ]
[0.01342127] [0.81981316 0.76125894 0.2313494  0.        ]
[0.01333736] [0.8648059  0.79853185 0.28260198 0.        ]
[0.01368061] [0.91290516 0.82309088 0.32801328 0.        ]
[0.01193307] [0.91777234 0.82860316 0.33644916 0.        ]
[0.01004309] [0.91620336 0.83608063 0.33480882 0.        ]
[0.00849087] [0.91743615 0.84264431 0.33828803 0.        ]
[0.00702848] [0.9210837  0.82848714 0.33659721 0.        ]
[0.01390446] [0.35620297 0.38898311 0.30790153 0.        ]
[0.01946898] [0.31866491 0.32443927 0.38356894 0.        ]
[0.02432949] [0.29841925 0.2799082  0.46077167 0.        ]
[0.02820214] [0.21802966 0.2787729  0.50614262 0.        ]
[0.03142467] [0.15046748 0.29909315 0.55978166 0.        ]
[0.03342615] [0.09988268 0.34827944 0.60886933 0.        ]
[0.03271751] [0.05395376 0.38831972 0.59565548 0.        ]
[0.12728713] [0.0014544  0.4161373  0.60213317 1.        ]
[0.03061364] [0.0054012  0.41962955 0.60343291 0.        ]
[0.02742387] [0.01300731 0.426706   0.6060859  0.        ]
[0.02431247] [0.01176199 0.42385287 0.6003769  0.        ]
[0.02172627] [0.007708   0.42263288 0.60408409 0.        ]
[0.01863734] [0.01297087 0.42736557 0.60078418 0.        ]
[0.01619301] [0.00687553 0.40976784 0.6004367  0.        ]
[0.01378184] [0.01519818 0.42897475 0.60752178 0.        ]
[0.08208449] [0.00251489 0.41516852 0.59898209 1.        ]
[0.01005267] [0.01366039 0.42762104 0.60694676 0.        ]
[0.00865274] [0.00522773 0.41504895 0.59991333 0.        ]
[0.06609847] [0.00317743 0.41525883 0.60261583 1.        ]
[0.00659755] [0.00720269 0.41896034 0.60172442 0.        ]
[0.0542204] [0.0035341  0.41666722 0.60400065 1.        ]
[0.00558476] [0.01967459 0.4292765  0.60147841 0.        ]
[0.00543129] [0.00613483 0.41123641 0.60254762 0.        ]
[0.005554] [0.07188236 0.34797314 0.5601998  0.        ]
[0.00729691] [0.13708737 0.29428041 0.52374478 0.        ]
[0.0113517] [0.20661408 0.21811482 0.51626451 0.        ]
[0.01726678] [0.27944521 0.13954727 0.533118   0.        ]
[0.02407878] [0.35061112 0.07071509 0.54929472 0.        ]
[0.02982375] [0.40854426 0.01820539 0.56750647 0.        ]
[0.02974406] [0.42683802 0.01146555 0.58182435 0.        ]
[0.04696007] [0.41804231 0.003932   0.58570356 1.        ]
[0.02534792] [0.43034494 0.0142132  0.58602625 0.        ]
[0.02291157] [0.42340561 0.00824338 0.58317659 0.        ]
[0.03549987] [0.41576284 0.00305876 0.57929012 1.        ]
[0.03118365] [0.41748172 0.00410095 0.58101768 1.        ]
[0.02627207] [0.41402527 0.00489422 0.57722696 1.        ]
[0.02139229] [0.41560882 0.00437341 0.58593211 1.        ]
[0.01407477] [0.46963294 0.05657828 0.59987228 0.        ]
[0.0134701] [0.41818753 0.00474102 0.5789367  1.        ]
[0.01259463] [0.47323196 0.05862957 0.5928707  0.        ]
[0.01223436] [0.51018715 0.10003193 0.58355999 0.        ]
[0.01158014] [0.51643935 0.10956409 0.57609623 0.        ]
[0.01094557] [0.522409   0.11555692 0.57760925 0.        ]
[0.00992277] [0.50984052 0.10332173 0.57384954 0.        ]
[0.00917142] [0.51865111 0.1137008  0.57190205 0.        ]
[0.00832765] [0.51929799 0.11051258 0.58192983 0.        ]
[0.00736499] [0.51810325 0.11148426 0.57652147 0.        ]
[0.00636598] [0.51332687 0.11211986 0.5638808  0.        ]
[0.00550084] [0.51301694 0.11400582 0.55892649 0.        ]
[0.00477673] [0.51884666 0.11252511 0.5755988  0.        ]
[0.00402592] [0.51882826 0.11257114 0.57515627 0.        ]
[0.0033313] [0.51579097 0.11280191 0.56750712 0.        ]
[0.00276325] [0.49875984 0.1207545  0.53640942 0.        ]
[0.0027761] [0.48135265 0.15294875 0.47675598 0.        ]
[0.00350672] [0.4526028  0.19343924 0.41504224 0.        ]
[0.0048728] [0.40302492 0.23709736 0.37040203 0.        ]
[0.00713674] [0.40679297 0.3041448  0.30359018 0.        ]
[0.00964291] [0.40834365 0.36587276 0.2576318  0.        ]
[0.01243935] [0.42827124 0.43176464 0.21070243 0.        ]
[0.01471011] [0.43892495 0.49706693 0.20369591 0.        ]
[0.01726737] [0.49959964 0.56177989 0.15733094 0.        ]
[0.0181193] [0.53647186 0.60257801 0.12913266 0.        ]
[0.0169807] [0.56919762 0.61646714 0.0968871  0.        ]
[0.01562776] [0.61165851 0.63637412 0.07291647 0.        ]
[0.01340834] [0.6476556  0.65247218 0.07300615 0.        ]
[0.01105826] [0.68196498 0.6737784  0.09941165 0.        ]
[0.00903764] [0.7186944  0.69876458 0.13422364 0.        ]
[0.00728523] [0.75425944 0.71867383 0.16659785 0.        ]
[0.00648974] [0.80010131 0.74806512 0.21094503 0.        ]
[0.0064213] [0.84142367 0.78322698 0.26114279 0.        ]
[0.00690512] [0.88992521 0.82164137 0.30988628 0.        ]
[0.00667953] [0.91634117 0.84167269 0.33734971 0.        ]
[0.00546796] [0.91499056 0.83641866 0.33908378 0.        ]
[0.00474411] [0.92096642 0.8434547  0.34030764 0.        ]
[0.00391611] [0.91635665 0.83749418 0.33570419 0.        ]
[0.00351036] [0.91628398 0.81534841 0.33460636 0.        ]
[0.00347079] [0.90016171 0.77328348 0.33209977 0.        ]
[0.00405042] [0.88693422 0.72991987 0.34387027 0.        ]
[0.00492691] [0.851456   0.66556827 0.34435084 0.        ]
[0.00615069] [0.81257663 0.59981232 0.35180175 0.        ]
[0.00767179] [0.78186884 0.5343773  0.38180778 0.        ]
[0.00845717] [0.77245949 0.49817405 0.42102593 0.        ]
[0.00840666] [0.78602077 0.49073034 0.46168389 0.        ]
[0.00755927] [0.79229387 0.49195751 0.46851429 0.        ]
[0.00666315] [0.80389242 0.49482872 0.48541984 0.        ]
[0.00555499] [0.80229013 0.49538565 0.48068469 0.        ]
[0.00457683] [0.80921375 0.49818239 0.49296943 0.        ]
[0.00366463] [0.81052332 0.4983806  0.49431152 0.        ]
[0.00290449] [0.79116333 0.49097301 0.46976358 0.        ]
[0.00226255] [0.80594111 0.49431295 0.49122682 0.        ]
[0.00179564] [0.78338971 0.49098866 0.45589769 0.        ]
[0.00155951] [0.77096666 0.50379639 0.40677117 0.        ]
[0.00176835] [0.75683531 0.52560959 0.34758083 0.        ]
[0.00230494] [0.75213964 0.55503366 0.29772647 0.        ]
[0.00314848] [0.74684199 0.58586354 0.25041477 0.        ]
[0.00411938] [0.77498451 0.64620905 0.23212767 0.        ]
[0.00473634] [0.76250629 0.65184083 0.1937071  0.        ]
[0.00584669] [0.73621795 0.67008621 0.1404396  0.        ]
[0.00624918] [0.69925484 0.66821658 0.10098935 0.        ]
