[0.17906423] [0.47054719 0.51967349 0.19336226 0.        ]
[0.17405894] [0.50753328 0.56205462 0.14567537 0.        ]
[0.16829938] [0.54153398 0.59535102 0.11293374 0.        ]
[0.16378865] [0.5857106  0.62559083 0.08745153 0.        ]
[0.15757501] [0.62441194 0.64455125 0.0744667  0.        ]
[0.15245765] [0.66402733 0.66678846 0.08977232 0.        ]
[0.14650434] [0.70753015 0.67539381 0.10975051 0.        ]
[0.14476255] [0.74906378 0.71919834 0.16232781 0.        ]
[0.13992527] [0.78495034 0.74511336 0.19952525 0.        ]
[0.13664101] [0.82972468 0.77461916 0.24451865 0.        ]
[0.13285275] [0.87244409 0.8005878  0.29116253 0.        ]
[0.13027544] [0.91933487 0.83919984 0.3375976  0.        ]
[0.1167008] [0.91610524 0.83988744 0.33936995 0.        ]
[0.10396445] [0.91716965 0.83765511 0.33526152 0.        ]
[0.09176082] [0.91938579 0.82150707 0.33489268 0.        ]
[0.081392] [0.91630078 0.82826977 0.33446247 0.        ]
[0.07253306] [0.91660918 0.84235424 0.33737261 0.        ]
[0.06378365] [0.91699048 0.84209733 0.33710408 0.        ]
[0.05616477] [0.91896787 0.84529419 0.3402192  0.        ]
[0.04870899] [0.91435494 0.83857531 0.33832498 0.        ]
[0.04219937] [0.91380106 0.83151311 0.33319602 0.        ]
[0.03685819] [0.91532256 0.83284769 0.33758838 0.        ]
[0.03198039] [0.91402435 0.8336556  0.33499611 0.        ]
[0.0279871] [0.9206076  0.83945832 0.33881208 0.        ]
[0.02421539] [0.91691725 0.83832408 0.3357604  0.        ]
[0.0209924] [0.91797959 0.83145707 0.33563179 0.        ]
[0.0183774] [0.91722757 0.84093432 0.33707975 0.        ]
[0.01602276] [0.91666757 0.83717891 0.33568047 0.        ]
[0.01405234] [0.9142038  0.83742463 0.33840119 0.        ]
[0.01241785] [0.91686959 0.84029161 0.33658436 0.        ]
[0.01097765] [0.91873884 0.83832298 0.33907529 0.        ]
[0.00976111] [0.91547043 0.83902329 0.33538702 0.        ]
[0.00873406] [0.91982584 0.84195747 0.33921554 0.        ]
[0.00779378] [0.87526849 0.81147521 0.2939786  0.        ]
[0.007476] [0.81269639 0.73338342 0.23391563 0.        ]
[0.00790377] [0.75705272 0.67641795 0.18450018 0.        ]
[0.00875336] [0.70909628 0.63789868 0.13481307 0.        ]
[0.0099375] [0.66331228 0.6083594  0.08423491 0.        ]
[0.01129811] [0.62505689 0.59201413 0.03275563 0.        ]
[0.01146528] [0.58702854 0.57099719 0.01435287 0.        ]
[0.01004562] [0.58868981 0.57238475 0.01285906 0.        ]
[0.00867643] [0.59029243 0.57171228 0.01153515 0.        ]
[0.00729496] [0.58937374 0.57202207 0.01530361 0.        ]
[0.00626277] [0.59278172 0.57290337 0.01017982 0.        ]
[0.00535012] [0.60008126 0.58272367 0.00484284 0.        ]
[0.00448329] [0.59797156 0.5837253  0.00781847 0.        ]
[0.00378391] [0.59662929 0.57392949 0.00840111 0.        ]
[0.00326329] [0.60018822 0.58019585 0.00664863 0.        ]
[0.0029364] [0.65495273 0.6507715  0.06934817 0.        ]
[0.00384434] [0.69652638 0.68407465 0.1142674  0.        ]
[0.00530705] [0.73457326 0.70966826 0.15072369 0.        ]
[0.00759797] [0.77881989 0.73970488 0.1934786  0.        ]
[0.01017742] [0.82013015 0.76976599 0.23640515 0.        ]
[0.0129689] [0.8634165  0.79938492 0.2814708  0.        ]
[0.01588138] [0.90827519 0.83484563 0.32787512 0.        ]
[0.01443832] [0.91339196 0.83271422 0.33864075 0.        ]
[0.01219843] [0.9126629  0.83386822 0.33821702 0.        ]
[0.01017698] [0.91509123 0.84161468 0.33673952 0.        ]
[0.00825743] [0.92084958 0.8329284  0.33734954 0.        ]
[0.00645695] [0.91460322 0.83469511 0.33811752 0.        ]
[0.00500862] [0.91334183 0.83295757 0.33771036 0.        ]
[0.00397884] [0.91906941 0.83841173 0.33814565 0.        ]
[0.00304643] [0.91955888 0.82890386 0.33653301 0.        ]
[0.00243533] [0.9204227  0.83741097 0.33832784 0.        ]
[0.00196813] [0.9178386  0.81487124 0.33447326 0.        ]
[0.0020313] [0.85844709 0.73607397 0.28848956 0.        ]
[0.00322468] [0.80136625 0.66357932 0.25445391 0.        ]
[0.00486573] [0.74959799 0.5987417  0.24069843 0.        ]
[0.00558291] [0.7434989  0.56303972 0.27960764 0.        ]
[0.00619564] [0.75055706 0.53504189 0.33315325 0.        ]
[0.00701237] [0.75475375 0.50766715 0.38422141 0.        ]
[0.00724375] [0.75918335 0.49464616 0.42120461 0.        ]
[0.0069786] [0.75346972 0.49012029 0.44395934 0.        ]
[0.00703254] [0.76015524 0.48082599 0.48601162 0.        ]
[0.00651063] [0.76617422 0.47711892 0.51140001 0.        ]
[0.0050666] [0.76151567 0.48229141 0.5004159  0.        ]
[0.00426198] [0.76610015 0.47910645 0.51093997 0.        ]
[0.0033266] [0.76260603 0.47862491 0.50512511 0.        ]
[0.00255193] [0.76358797 0.47761374 0.49788471 0.        ]
[0.00206212] [0.75936825 0.47987366 0.50076351 0.        ]
[0.00172167] [0.76283265 0.47950863 0.50948422 0.        ]
[0.00159859] [0.8122148  0.52816406 0.53314884 0.        ]
[0.00221215] [0.85148115 0.58075184 0.51680902 0.        ]
[0.00355333] [0.89062176 0.63048719 0.50980862 0.        ]
[0.00404056] [0.87742285 0.64222451 0.46276151 0.        ]
[0.00492614] [0.87450568 0.66481571 0.4228906  0.        ]
[0.00570428] [0.86735909 0.6861021  0.38416575 0.        ]
[0.0064197] [0.87834548 0.71543918 0.36492522 0.        ]
[0.00655136] [0.88620854 0.73345574 0.34724244 0.        ]
[0.00643865] [0.86496443 0.73374015 0.30361087 0.        ]
[0.00682165] [0.83492075 0.74026332 0.25141716 0.        ]
[0.00683652] [0.80058551 0.73777663 0.20940791 0.        ]
[0.00671951] [0.75906515 0.72045406 0.16941736 0.        ]
[0.00716312] [0.70648774 0.6651964  0.11080416 0.        ]
[0.00835088] [0.6492484  0.61099751 0.05506842 0.        ]
[0.0096088] [0.60953694 0.58944381 0.00942357 0.        ]
[0.00884709] [0.59767288 0.58111044 0.00515508 0.        ]
[0.00776782] [0.59904147 0.58042766 0.00446978 0.        ]
[0.00677823] [0.60242545 0.58322856 0.00134212 0.        ]
[0.01538141] [0.35344733 0.39224858 0.3086887  0.        ]
[0.02081407] [0.28657713 0.35553306 0.36795664 0.        ]
[0.02642741] [0.20976828 0.35777256 0.41991623 0.        ]
[0.03248045] [0.13137501 0.37382192 0.47636923 0.        ]
[0.03845858] [0.06214212 0.38552493 0.54075137 0.        ]
[0.04227975] [0.01274768 0.40404096 0.59778074 0.        ]
[0.03857543] [0.00514547 0.4110704  0.59934922 0.        ]
[0.03432627] [0.00527158 0.42107952 0.6045836  0.        ]
[0.02959901] [0.00651521 0.41266109 0.60252322 0.        ]
[0.11899059] [0.00496623 0.41182643 0.59915314 1.        ]
[0.11058518] [0.00378378 0.41367672 0.59999485 1.        ]
[0.09960286] [0.00451899 0.41982112 0.60047245 1.        ]
[0.01645885] [0.0050693  0.41924016 0.60616664 0.        ]
[0.01410008] [0.00707807 0.40984003 0.60079177 0.        ]
[0.06785942] [0.00318457 0.41507137 0.59832516 1.        ]
[0.01096257] [0.01057488 0.41171047 0.60539656 0.        ]
[0.00960219] [0.01663088 0.40021242 0.59666157 0.        ]
[0.00883066] [0.0070216  0.42094607 0.60515192 0.        ]
[0.00792431] [0.00517343 0.42114636 0.60338195 0.        ]
[0.00705678] [0.03715795 0.38366278 0.59591481 0.        ]
[0.00686383] [0.10186544 0.32151151 0.55495538 0.        ]
[0.00844592] [0.16310402 0.25997219 0.53487265 0.        ]
[0.01291264] [0.24019735 0.17701987 0.53929548 0.        ]
[0.01867798] [0.31321356 0.10496269 0.55785795 0.        ]
[0.02479567] [0.38128303 0.03994431 0.5663311  0.        ]
[0.0277814] [0.42110124 0.00556177 0.5816914  0.        ]
[0.0267202] [0.48869176 0.0750931  0.59031681 0.        ]
[0.02433195] [0.50606588 0.09529186 0.58461105 0.        ]
[0.02153733] [0.50668364 0.09538463 0.58624941 0.        ]
[0.01885553] [0.52034214 0.1136366  0.57663505 0.        ]
[0.01600367] [0.51942711 0.11471758 0.57144375 0.        ]
[0.01326098] [0.5106872  0.10484946 0.57271009 0.        ]
[0.0112263] [0.51942269 0.11188377 0.57859618 0.        ]
[0.00902555] [0.51266379 0.10760374 0.57234392 0.        ]
[0.00746121] [0.51875505 0.10995443 0.58194458 0.        ]
[0.00592755] [0.51330674 0.11679142 0.5547187  0.        ]
[0.00482235] [0.51752543 0.11214185 0.57291953 0.        ]
[0.00386117] [0.51616287 0.11011855 0.57404011 0.        ]
[0.00323605] [0.50850379 0.12513765 0.53625693 0.        ]
[0.00299963] [0.46956924 0.14023761 0.47713841 0.        ]
[0.00388118] [0.44123318 0.1865724  0.41115004 0.        ]
[0.00553488] [0.4115849  0.2391347  0.35298626 0.        ]
[0.00798872] [0.39342907 0.29910323 0.30030125 0.        ]
[0.01077417] [0.39157119 0.36281923 0.25415768 0.        ]
[0.0134089] [0.40968704 0.42606459 0.21002716 0.        ]
[0.01489416] [0.41554108 0.48827272 0.21285311 0.        ]
[0.01747903] [0.47557024 0.55627888 0.16827443 0.        ]
[0.0186152] [0.52685793 0.5959417  0.13248393 0.        ]
[0.01851399] [0.5649586  0.61023884 0.09238335 0.        ]
[0.01815173] [0.60794623 0.61903376 0.05028855 0.        ]
[0.01640738] [0.64714026 0.65218768 0.07246931 0.        ]
[0.01424403] [0.68436591 0.67858647 0.10250347 0.        ]
[0.01200037] [0.71657685 0.69777774 0.13315714 0.        ]
[0.01032129] [0.75824887 0.72352305 0.17448685 0.        ]
[0.00957072] [0.80640897 0.75925133 0.2231957  0.        ]
[0.00923736] [0.85205011 0.79035549 0.26903708 0.        ]
[0.00934658] [0.8964116  0.81855578 0.31608304 0.        ]
[0.00896765] [0.92073489 0.84140001 0.33970634 0.        ]
[0.00725872] [0.91779444 0.83675565 0.33883172 0.        ]
[0.00605512] [0.9201151  0.84141951 0.33913426 0.        ]
[0.00490323] [0.91980445 0.8376667  0.33790381 0.        ]
[0.00403335] [0.9193428  0.83579578 0.3380676  0.        ]
[0.00341879] [0.92096015 0.84077468 0.33942469 0.        ]
[0.00288316] [0.91950907 0.82827428 0.33593355 0.        ]
[0.00270345] [0.9103878  0.79311719 0.33515335 0.        ]
[0.00285905] [0.89442695 0.75374438 0.33893263 0.        ]
[0.00336719] [0.89042649 0.72091697 0.36110791 0.        ]
[0.00400963] [0.84786306 0.65110305 0.35556987 0.        ]
[0.00502157] [0.80791034 0.58168455 0.3657173  0.        ]
[0.00621955] [0.77506757 0.51606503 0.3951418  0.        ]
[0.00663669] [0.79337612 0.50326829 0.45264272 0.        ]
[0.00657705] [0.8126191  0.50041621 0.49448071 0.        ]
[0.00577793] [0.8002579  0.4938225  0.48128053 0.        ]
[0.00495056] [0.79440946 0.49328986 0.47294166 0.        ]
[0.00431189] [0.80777154 0.49509743 0.49295913 0.        ]
[0.00359419] [0.79842364 0.49127806 0.48232819 0.        ]
[0.00293603] [0.79591486 0.49181143 0.47684072 0.        ]
[0.00240043] [0.77899657 0.49160655 0.44927925 0.        ]
[0.00206741] [0.76094496 0.49333241 0.42126174 0.        ]
[0.00198404] [0.74935034 0.51719047 0.36231449 0.        ]
[0.00227006] [0.74133846 0.54011552 0.3123376  0.        ]
[0.00288022] [0.73745294 0.5733214  0.26390047 0.        ]
[0.0033906] [0.74465613 0.60462739 0.23127626 0.        ]
[0.00369144] [0.75489075 0.62932449 0.21329811 0.        ]
[0.00387572] [0.76576171 0.65334027 0.20101927 0.        ]
[0.00481235] [0.73506435 0.66811517 0.14191906 0.        ]
[0.00537056] [0.68440233 0.65160505 0.09417945 0.        ]
[0.00609144] [0.63073413 0.59951403 0.03827772 0.        ]
[0.00637584] [0.60036348 0.58656255 0.0080847  0.        ]
[0.00548568] [0.60786737 0.58990519 0.00826572 0.        ]
[0.00479181] [0.59731422 0.57765257 0.00457183 0.        ]
[0.00389706] [0.6051133  0.58622226 0.0075448  0.        ]
[0.00326131] [0.59632706 0.57702097 0.00549674 0.        ]
[0.00262409] [0.60055933 0.58433579 0.00445603 0.        ]
[0.00206633] [0.60142879 0.58450318 0.0045715  0.        ]
[0.0015947] [0.60550344 0.58431768 0.00451188 0.        ]
[0.00124259] [0.60029132 0.58273034 0.00529999 0.        ]
[0.00098252] [0.59774445 0.57987936 0.00393909 0.        ]
[0.00083909] [0.65812341 0.65624795 0.07620264 0.        ]
[0.00490395] [0.3474588  0.40145778 0.3007231  0.        ]
[0.00729677] [0.27616438 0.37701061 0.35622388 0.        ]
[0.00992596] [0.2004889  0.3778236  0.41217161 0.        ]
[0.01301256] [0.12387357 0.39667105 0.47901342 0.        ]
[0.01577355] [0.05761436 0.3877341  0.54565006 0.        ]
[0.01807534] [0.01310226 0.42786889 0.60064808 0.        ]
[0.04398535] [0.00379491 0.41305504 0.60179757 1.        ]
[0.0411564] [0.00294766 0.41872027 0.6034847  1.        ]
[0.03645313] [0.00393636 0.4160849  0.59861431 1.        ]
[0.01199717] [0.00621141 0.42127681 0.60258596 0.        ]
[0.01041871] [0.00815584 0.41120164 0.6041225  0.        ]
[0.02324136] [0.00437258 0.42008015 0.60437946 1.        ]
[0.01918726] [0.0031592  0.41579013 0.59856305 1.        ]
[0.00677563] [0.00771669 0.41007947 0.60128058 0.        ]
[0.01250547] [0.00401009 0.41273379 0.60019227 1.        ]
[0.00538039] [0.00626949 0.41403679 0.60418697 0.        ]
[0.0047711] [0.01286636 0.4078128  0.60514998 0.        ]
[0.00690903] [0.00196164 0.41702778 0.6032831  1.        ]
[0.00393051] [0.01397371 0.40682551 0.59920099 0.        ]
[0.00371108] [0.00573711 0.41086728 0.60031096 0.        ]
[0.00339794] [0.00581921 0.42152292 0.6055285  0.        ]
[0.00312833] [0.04924747 0.36909239 0.58253913 0.        ]
[0.00341307] [0.1133115  0.30969784 0.54157438 0.        ]
[0.00445256] [0.18029487 0.25311894 0.51015555 0.        ]
[0.00659106] [0.24994642 0.17310544 0.5176347  0.        ]
[0.00970419] [0.33034868 0.09227169 0.53379136 0.        ]
[0.01236868] [0.40197579 0.04597345 0.53928168 0.        ]
[0.03071405] [0.41459504 0.00263834 0.58356319 1.        ]
[0.0125166] [0.48036978 0.06819917 0.58437165 0.        ]
[0.01147988] [0.50981112 0.09908576 0.58549427 0.        ]
[0.01004827] [0.52221157 0.11584415 0.5761383  0.        ]
[0.00836641] [0.51470063 0.10850167 0.57401268 0.        ]
[0.00697155] [0.51723418 0.10892936 0.58033248 0.        ]
[0.00557045] [0.51359424 0.10491878 0.58038477 0.        ]
[0.00442051] [0.51980189 0.11514201 0.57139696 0.        ]
[0.00336688] [0.51352896 0.10677169 0.57524238 0.        ]
[0.00255077] [0.51256973 0.10721809 0.57197567 0.        ]
[0.00199434] [0.51847643 0.11126794 0.5774234  0.        ]
[0.00153654] [0.51847016 0.11260316 0.5749521  0.        ]
[0.0012367] [0.52005179 0.1121344  0.57971789 0.        ]
[0.00107338] [0.4520277  0.06887346 0.53733912 0.        ]
[0.00154016] [0.38490105 0.09372543 0.49544725 0.        ]
[0.00249191] [0.32023293 0.15504314 0.47059528 0.        ]
[0.00393518] [0.25504658 0.22679154 0.46218381 0.        ]
[0.00559517] [0.20503462 0.30341619 0.46102755 0.        ]
[0.00727025] [0.12355149 0.32444588 0.51784927 0.        ]
[0.00932256] [0.04680626 0.37485131 0.57540552 0.        ]
[0.01036578] [0.00808967 0.42082167 0.60001695 0.        ]
[0.00934347] [0.01284909 0.42503386 0.59641913 0.        ]
[0.00826951] [0.01592343 0.43136834 0.6034711  0.        ]
[0.0070593] [0.01078497 0.42581151 0.60110965 0.        ]
[0.0089768] [0.00440184 0.41561602 0.59837999 1.        ]
[0.00473724] [0.00810593 0.42099048 0.60411748 0.        ]
[0.00613233] [0.00391885 0.41931499 0.60463445 1.        ]
[0.00290228] [0.02657364 0.43843359 0.60578839 0.        ]
[0.00222569] [0.03271902 0.44486175 0.599223   0.        ]
[0.00165372] [0.04687153 0.45030483 0.58825196 0.        ]
[0.00131534] [0.08877063 0.46758854 0.5669116  0.        ]
[0.0013364] [0.13629524 0.48920324 0.55051504 0.        ]
[0.00175281] [0.18713338 0.52343758 0.54142358 0.        ]
[0.00207458] [0.23202835 0.54040953 0.5263441  0.        ]
[0.00287084] [0.27965843 0.57893345 0.52966814 0.        ]
[0.00376412] [0.32908482 0.61547216 0.5314707  0.        ]
[0.00354627] [0.33173507 0.62002241 0.52680181 0.        ]
[0.00322489] [0.33115165 0.61771449 0.53186723 0.        ]
[0.00283713] [0.33862041 0.6191705  0.51490527 0.        ]
[0.00257157] [0.33623059 0.6219937  0.53119196 0.        ]
[0.00216667] [0.33819898 0.61715808 0.53071369 0.        ]
[0.00181983] [0.33853816 0.6218545  0.52749282 0.        ]
[0.00147303] [0.33762226 0.62251093 0.52543719 0.        ]
[0.00118693] [0.33882604 0.6227619  0.52410889 0.        ]
[0.00091468] [0.33219271 0.61797096 0.53098109 0.        ]
[0.00072095] [0.33755388 0.60180842 0.52641416 0.        ]
[0.00069659] [0.29973456 0.52447706 0.48710901 0.        ]
[0.00133317] [0.27345526 0.45301219 0.45334928 0.        ]
[0.0023214] [0.27611152 0.37324092 0.42818814 0.        ]
[0.00323429] [0.25897392 0.3272423  0.40275583 0.        ]
[0.00397423] [0.28545169 0.2627305  0.39741426 0.        ]
[0.00452781] [0.30778324 0.19368003 0.44189339 0.        ]
[0.00497052] [0.33127839 0.13341521 0.49196274 0.        ]
[0.00538787] [0.38979896 0.06600545 0.53636958 0.        ]
[0.00569974] [0.40965143 0.01741019 0.57901821 0.        ]
[0.00522646] [0.4135486  0.00657869 0.58625751 0.        ]
[0.00446964] [0.4118528  0.00781064 0.57801016 0.        ]
[0.00376682] [0.41447812 0.00518115 0.57814009 0.        ]
[0.00303338] [0.4059794  0.01043267 0.58112019 0.        ]
[0.00239973] [0.41690252 0.00647385 0.57631376 0.        ]
[0.01003899] [0.41720621 0.00407261 0.57875569 1.        ]
[0.00881316] [0.41480034 0.00256306 0.5809613  1.        ]
[0.00106158] [0.40957306 0.00863712 0.58258287 0.        ]
[0.00083222] [0.34100113 0.07713231 0.57776346 0.        ]
[0.00097803] [0.26090717 0.15715796 0.55628427 0.        ]
[0.00142635] [0.1869347  0.24018815 0.55072811 0.        ]
[0.00199386] [0.12380477 0.30745418 0.56475588 0.        ]
[0.00252216] [0.07414173 0.38516973 0.58793308 0.        ]
[0.00287398] [0.01872402 0.40282833 0.59230335 0.        ]
[0.00287197] [0.02331565 0.43525827 0.59858796 0.        ]
[0.00320289] [0.0028817  0.41432883 0.60237314 1.        ]
[0.00243502] [0.03006908 0.4410101  0.59568607 0.        ]
