0 exploration 100 model selected_goal competence
1 exploration 100 model selected_goal competence
2 exploration 100 model selected_goal competence
3 exploration_path 17 None [0.00291844 0.41555233 0.599081   1.        ] None
4 exploration_path 34 None [0.41316206 0.00499478 0.58467672 1.        ] 0.2
5 exploration_path 12 None [0.00291844 0.41555233 0.599081   1.        ] 0.2
6 exploration_path 13 None [0.41316206 0.00499478 0.58467672 1.        ] 0.3
7 exploration_path 10 None [0.00291844 0.41555233 0.599081   1.        ] 0.3
8 exploration_path 10 None [0.41316206 0.00499478 0.58467672 1.        ] 0.4
9 exploration_path 8 None [0.00291844 0.41555233 0.599081   1.        ] 0.4
10 exploration_path 11 None [0.41316206 0.00499478 0.58467672 1.        ] 0.5
11 exploration_path 11 None [0.00291844 0.41555233 0.599081   1.        ] 0.5
12 exploration_path 8 None [0.41316206 0.00499478 0.58467672 1.        ] 0.6
13 exploration_path 8 None [0.00291844 0.41555233 0.599081   1.        ] 0.6
14 exploration_path 12 None [0.41316206 0.00499478 0.58467672 1.        ] 0.7
15 exploration_path 21 None [0.00291844 0.41555233 0.599081   1.        ] 0.7
16 exploration_path 10 None [0.41316206 0.00499478 0.58467672 1.        ] 0.8
17 improvement 100 2 [0.00291844 0.41555233 0.599081   1.        ] 0.8
18 improvement 14 0 [0.41316206 0.00499478 0.58467672 1.        ] 0.8
19 exploration_path 57 2 [0.00291844 0.41555233 0.599081   1.        ] 0.8
20 improvement 8 0 [0.41316206 0.00499478 0.58467672 1.        ] 0.9
21 improvement 16 0 [0.41316206 0.00499478 0.58467672 1.        ] 0.9
22 improvement 10 0 [0.41316206 0.00499478 0.58467672 1.        ] 0.9
23 improvement 10 0 [0.41316206 0.00499478 0.58467672 1.        ] 0.9
24 improvement 8 0 [0.41316206 0.00499478 0.58467672 1.        ] 0.9
25 improvement 8 0 [0.41316206 0.00499478 0.58467672 1.        ] 0.9
26 improvement 25 2 [0.00291844 0.41555233 0.599081   1.        ] 0.9
27 improvement 100 2 [0.00291844 0.41555233 0.599081   1.        ] 0.9
28 improvement 12 0 [0.41316206 0.00499478 0.58467672 1.        ] 0.7000000000000001
29 improvement 9 0 [0.41316206 0.00499478 0.58467672 1.        ] 0.7000000000000001
30 improvement 10 0 [0.41316206 0.00499478 0.58467672 1.        ] 0.7000000000000001
31 exploration_path 14 2 [0.00291844 0.41555233 0.599081   1.        ] 0.7000000000000001
32 exploration_path 12 2 [0.00291844 0.41555233 0.599081   1.        ] 0.6000000000000001
33 exploration_path 69 2 [0.00291844 0.41555233 0.599081   1.        ] 0.5
34 exploration_path 13 2 [0.00291844 0.41555233 0.599081   1.        ] 0.4
35 exploration_path 11 2 [0.00291844 0.41555233 0.599081   1.        ] 0.30000000000000004
36 exploration_path 15 2 [0.00291844 0.41555233 0.599081   1.        ] 0.20000000000000007
37 improvement 100 2 [0.00291844 0.41555233 0.599081   1.        ] 0.10000000000000009
38 exploration_path 8 2 [0.00291844 0.41555233 0.599081   1.        ] -0.10000000000000009
39 improvement 49 2 [0.00291844 0.41555233 0.599081   1.        ] 0.0
40 improvement 36 2 [0.00291844 0.41555233 0.599081   1.        ] 0.0
41 improvement 19 2 [0.00291844 0.41555233 0.599081   1.        ] 0.0
42 improvement 20 2 [0.00291844 0.41555233 0.599081   1.        ] 0.0
43 improvement 13 2 [0.00291844 0.41555233 0.599081   1.        ] 0.0
44 improvement 27 2 [0.00291844 0.41555233 0.599081   1.        ] 0.0
45 improvement 36 2 [0.00291844 0.41555233 0.599081   1.        ] 0.0
46 improvement 32 2 [0.00291844 0.41555233 0.599081   1.        ] 0.0
47 improvement 24 2 [0.00291844 0.41555233 0.599081   1.        ] 0.0
48 improvement 12 2 [0.00291844 0.41555233 0.599081   1.        ] 0.0
49 improvement 27 2 [0.00291844 0.41555233 0.599081   1.        ] 0.0
50 improvement 100 2 [0.00291844 0.41555233 0.599081   1.        ] 0.0
51 improvement 9 0 [0.41316206 0.00499478 0.58467672 1.        ] -0.20000000000000007
52 exploration_path 23 2 [0.00291844 0.41555233 0.599081   1.        ] -0.20000000000000007
53 improvement 10 0 [0.41316206 0.00499478 0.58467672 1.        ] 0.0
54 improvement 21 0 [0.00291844 0.41555233 0.599081   1.        ] 0.0
55 improvement 16 0 [0.00291844 0.41555233 0.599081   1.        ] 0.0
56 improvement 14 0 [0.00291844 0.41555233 0.599081   1.        ] 0.0
57 improvement 8 0 [0.41316206 0.00499478 0.58467672 1.        ] 0.0
58 improvement 15 0 [0.00291844 0.41555233 0.599081   1.        ] 0.0
59 improvement 14 0 [0.00291844 0.41555233 0.599081   1.        ] 0.0
60 improvement 15 0 [0.00291844 0.41555233 0.599081   1.        ] 0.0
61 improvement 8 0 [0.41316206 0.00499478 0.58467672 1.        ] 0.0
62 improvement 14 0 [0.00291844 0.41555233 0.599081   1.        ] 0.0
63 improvement 15 0 [0.00291844 0.41555233 0.599081   1.        ] 0.0
64 improvement 14 0 [0.00291844 0.41555233 0.599081   1.        ] 0.0
65 improvement 15 0 [0.00291844 0.41555233 0.599081   1.        ] 0.0
66 improvement 19 0 [0.00291844 0.41555233 0.599081   1.        ] 0.0
67 improvement 22 0 [0.00291844 0.41555233 0.599081   1.        ] 0.0
68 improvement 15 0 [0.00291844 0.41555233 0.599081   1.        ] 0.0
69 improvement 14 0 [0.00291844 0.41555233 0.599081   1.        ] 0.0
70 improvement 16 0 [0.00291844 0.41555233 0.599081   1.        ] 0.0
71 improvement 9 0 [0.41316206 0.00499478 0.58467672 1.        ] 0.0
72 improvement 16 0 [0.00291844 0.41555233 0.599081   1.        ] 0.0
73 improvement 15 0 [0.00291844 0.41555233 0.599081   1.        ] 0.0
74 improvement 18 0 [0.00291844 0.41555233 0.599081   1.        ] 0.0
75 improvement 18 0 [0.00291844 0.41555233 0.599081   1.        ] 0.0
76 improvement 17 0 [0.00291844 0.41555233 0.599081   1.        ] 0.0
77 improvement 15 0 [0.00291844 0.41555233 0.599081   1.        ] 0.0
78 improvement 16 0 [0.00291844 0.41555233 0.599081   1.        ] 0.0
79 improvement 15 0 [0.00291844 0.41555233 0.599081   1.        ] 0.0
80 improvement 15 0 [0.00291844 0.41555233 0.599081   1.        ] 0.0
81 improvement 14 0 [0.00291844 0.41555233 0.599081   1.        ] 0.0
82 improvement 14 0 [0.00291844 0.41555233 0.599081   1.        ] 0.0
83 improvement 13 0 [0.41316206 0.00499478 0.58467672 1.        ] 0.0
84 improvement 18 0 [0.00291844 0.41555233 0.599081   1.        ] 0.0
85 improvement 18 0 [0.00291844 0.41555233 0.599081   1.        ] 0.0
86 improvement 16 0 [0.00291844 0.41555233 0.599081   1.        ] 0.0
87 improvement 18 0 [0.00291844 0.41555233 0.599081   1.        ] 0.0
88 improvement 15 0 [0.00291844 0.41555233 0.599081   1.        ] 0.0
89 improvement 14 0 [0.00291844 0.41555233 0.599081   1.        ] 0.0
90 improvement 16 0 [0.00291844 0.41555233 0.599081   1.        ] 0.0
91 improvement 16 0 [0.00291844 0.41555233 0.599081   1.        ] 0.0
92 improvement 19 0 [0.00291844 0.41555233 0.599081   1.        ] 0.0
