0 exploration 100 None None
1 exploration 100 None None
2 exploration_path 8 None [0.00474437 0.42020432 0.60071136 1.        ]
3 exploration_path 14 None [0.418306   0.00436876 0.57972189 1.        ]
4 exploration_path 6 None [0.00474437 0.42020432 0.60071136 1.        ]
5 exploration_path 9 None [0.418306   0.00436876 0.57972189 1.        ]
6 exploration_path 16 None [0.418306   0.00436876 0.57972189 1.        ]
7 exploration_path 7 None [0.00474437 0.42020432 0.60071136 1.        ]
8 exploration_path 16 None [0.418306   0.00436876 0.57972189 1.        ]
9 exploration_path 21 None [0.00474437 0.42020432 0.60071136 1.        ]
10 exploration_path 8 None [0.00474437 0.42020432 0.60071136 1.        ]
11 exploration_path 8 None [0.00474437 0.42020432 0.60071136 1.        ]
12 exploration_path 26 None [0.418306   0.00436876 0.57972189 1.        ]
13 exploration_path 9 None [0.418306   0.00436876 0.57972189 1.        ]
14 exploration_path 8 None [0.00474437 0.42020432 0.60071136 1.        ]
15 exploration_path 8 None [0.418306   0.00436876 0.57972189 1.        ]
16 improvement 12 0 [0.00474437 0.42020432 0.60071136 1.        ]
17 improvement 11 0 [0.418306   0.00436876 0.57972189 1.        ]
18 improvement 7 0 [0.00474437 0.42020432 0.60071136 1.        ]
19 improvement 10 0 [0.418306   0.00436876 0.57972189 1.        ]
20 improvement 7 0 [0.00474437 0.42020432 0.60071136 1.        ]
21 improvement 8 0 [0.418306   0.00436876 0.57972189 1.        ]
22 improvement 8 0 [0.00474437 0.42020432 0.60071136 1.        ]
23 improvement 9 0 [0.418306   0.00436876 0.57972189 1.        ]
24 improvement 6 0 [0.00474437 0.42020432 0.60071136 1.        ]
25 improvement 6 0 [0.00474437 0.42020432 0.60071136 1.        ]
26 improvement 8 0 [0.418306   0.00436876 0.57972189 1.        ]
27 improvement 10 0 [0.418306   0.00436876 0.57972189 1.        ]
28 improvement 13 0 [0.00474437 0.42020432 0.60071136 1.        ]
29 improvement 6 0 [0.00474437 0.42020432 0.60071136 1.        ]
30 improvement 11 0 [0.00474437 0.42020432 0.60071136 1.        ]
31 improvement 8 0 [0.418306   0.00436876 0.57972189 1.        ]
32 improvement 9 0 [0.418306   0.00436876 0.57972189 1.        ]
33 improvement 7 0 [0.00474437 0.42020432 0.60071136 1.        ]
34 improvement 7 0 [0.00474437 0.42020432 0.60071136 1.        ]
35 improvement 8 0 [0.00474437 0.42020432 0.60071136 1.        ]
36 improvement 8 0 [0.00474437 0.42020432 0.60071136 1.        ]
37 improvement 8 0 [0.418306   0.00436876 0.57972189 1.        ]
38 improvement 10 0 [0.418306   0.00436876 0.57972189 1.        ]
39 improvement 11 0 [0.418306   0.00436876 0.57972189 1.        ]
40 improvement 10 0 [0.418306   0.00436876 0.57972189 1.        ]
41 improvement 8 0 [0.418306   0.00436876 0.57972189 1.        ]
42 improvement 8 0 [0.00474437 0.42020432 0.60071136 1.        ]
43 improvement 10 0 [0.418306   0.00436876 0.57972189 1.        ]
44 improvement 9 0 [0.00474437 0.42020432 0.60071136 1.        ]
45 improvement 8 0 [0.418306   0.00436876 0.57972189 1.        ]
46 improvement 6 0 [0.00474437 0.42020432 0.60071136 1.        ]
47 improvement 11 0 [0.418306   0.00436876 0.57972189 1.        ]
48 improvement 8 0 [0.00474437 0.42020432 0.60071136 1.        ]
49 improvement 10 0 [0.418306   0.00436876 0.57972189 1.        ]
50 improvement 9 0 [0.418306   0.00436876 0.57972189 1.        ]
51 improvement 100 0 [0.00474437 0.42020432 0.60071136 1.        ]
52 exploration_path 78 0 [0.00474437 0.42020432 0.60071136 1.        ]
53 improvement 8 0 [0.418306   0.00436876 0.57972189 1.        ]
54 improvement 8 0 [0.418306   0.00436876 0.57972189 1.        ]
55 improvement 11 0 [0.418306   0.00436876 0.57972189 1.        ]
56 improvement 12 0 [0.418306   0.00436876 0.57972189 1.        ]
57 improvement 10 0 [0.418306   0.00436876 0.57972189 1.        ]
58 improvement 13 0 [0.418306   0.00436876 0.57972189 1.        ]
59 improvement 17 0 [0.00474437 0.42020432 0.60071136 1.        ]
60 improvement 11 0 [0.418306   0.00436876 0.57972189 1.        ]
61 improvement 8 0 [0.418306   0.00436876 0.57972189 1.        ]
62 improvement 20 0 [0.00474437 0.42020432 0.60071136 1.        ]
63 improvement 8 0 [0.418306   0.00436876 0.57972189 1.        ]
64 improvement 16 0 [0.00474437 0.42020432 0.60071136 1.        ]
65 improvement 10 0 [0.418306   0.00436876 0.57972189 1.        ]
66 improvement 15 0 [0.00474437 0.42020432 0.60071136 1.        ]
67 improvement 9 0 [0.418306   0.00436876 0.57972189 1.        ]
68 improvement 100 0 [0.00474437 0.42020432 0.60071136 1.        ]
69 exploration_path 98 0 [0.00474437 0.42020432 0.60071136 1.        ]
70 exploration_path 67 0 [0.00474437 0.42020432 0.60071136 1.        ]
71 exploration_path 15 0 [0.00474437 0.42020432 0.60071136 1.        ]
72 exploration_path 24 0 [0.00474437 0.42020432 0.60071136 1.        ]
73 exploration_path 25 0 [0.00474437 0.42020432 0.60071136 1.        ]
74 exploration_path 17 0 [0.00474437 0.42020432 0.60071136 1.        ]
75 improvement 16 0 [0.00474437 0.42020432 0.60071136 1.        ]
76 improvement 8 0 [0.418306   0.00436876 0.57972189 1.        ]
77 improvement 27 0 [0.00474437 0.42020432 0.60071136 1.        ]
78 improvement 20 0 [0.00474437 0.42020432 0.60071136 1.        ]
79 improvement 15 0 [0.00474437 0.42020432 0.60071136 1.        ]
80 improvement 16 0 [0.00474437 0.42020432 0.60071136 1.        ]
81 improvement 14 0 [0.00474437 0.42020432 0.60071136 1.        ]
82 improvement 21 0 [0.00474437 0.42020432 0.60071136 1.        ]
83 improvement 8 0 [0.418306   0.00436876 0.57972189 1.        ]
84 improvement 14 0 [0.00474437 0.42020432 0.60071136 1.        ]
85 improvement 17 0 [0.00474437 0.42020432 0.60071136 1.        ]
86 improvement 19 0 [0.00474437 0.42020432 0.60071136 1.        ]
87 improvement 15 0 [0.00474437 0.42020432 0.60071136 1.        ]
88 improvement 17 0 [0.00474437 0.42020432 0.60071136 1.        ]
89 improvement 15 0 [0.00474437 0.42020432 0.60071136 1.        ]
90 improvement 16 0 [0.00474437 0.42020432 0.60071136 1.        ]
91 improvement 17 0 [0.00474437 0.42020432 0.60071136 1.        ]
92 improvement 14 0 [0.00474437 0.42020432 0.60071136 1.        ]
93 improvement 17 0 [0.00474437 0.42020432 0.60071136 1.        ]
