0 11 [ 760.476  242.05  -757.078]
1 9 [ 760.476  242.05  -757.078]
2 9 [ 676.898  192.303 -757.078]
3 8 [ 627.341  283.309 -757.078]
4 9 [ 514.496  426.146 -660.   ]
5 7 [ 514.496  426.146 -660.   ]
6 10 [ 731.565  310.941 -757.078]
7 9 [ 539.745  206.497 -757.078]
8 9 [ 760.476  242.05  -757.078]
9 8 [ 676.898  192.303 -757.078]
10 8 [ 514.496  426.146 -660.   ]
11 11 [ 760.476  242.05  -757.078]
12 9 [ 760.476  242.05  -757.078]
13 9 [ 676.898  192.303 -757.078]
14 8 [ 627.341  283.309 -757.078]
15 9 [ 514.496  426.146 -660.   ]
16 7 [ 514.496  426.146 -660.   ]
17 10 [ 731.565  310.941 -757.078]
18 9 [ 539.745  206.497 -757.078]
19 9 [ 760.476  242.05  -757.078]
20 8 [ 676.898  192.303 -757.078]
21 8 [ 514.496  426.146 -660.   ]
22 11 [ 760.476  242.05  -757.078]
23 9 [ 760.476  242.05  -757.078]
24 9 [ 676.898  192.303 -757.078]
25 8 [ 627.341  283.309 -757.078]
26 9 [ 514.496  426.146 -660.   ]
27 7 [ 514.496  426.146 -660.   ]
28 10 [ 731.565  310.941 -757.078]
29 9 [ 539.745  206.497 -757.078]
30 9 [ 760.476  242.05  -757.078]
31 8 [ 676.898  192.303 -757.078]
32 8 [ 514.496  426.146 -660.   ]
33 11 [ 760.476  242.05  -757.078]
34 9 [ 760.476  242.05  -757.078]
35 9 [ 676.898  192.303 -757.078]
36 8 [ 627.341  283.309 -757.078]
37 9 [ 514.496  426.146 -660.   ]
38 7 [ 514.496  426.146 -660.   ]
39 10 [ 731.565  310.941 -757.078]
40 9 [ 539.745  206.497 -757.078]
41 9 [ 760.476  242.05  -757.078]
42 8 [ 676.898  192.303 -757.078]
43 8 [ 514.496  426.146 -660.   ]
44 11 [ 760.476  242.05  -757.078]
45 9 [ 760.476  242.05  -757.078]
46 9 [ 676.898  192.303 -757.078]
47 8 [ 627.341  283.309 -757.078]
48 9 [ 514.496  426.146 -660.   ]
49 7 [ 514.496  426.146 -660.   ]
50 10 [ 731.565  310.941 -757.078]
51 8 [ 514.496  426.146 -660.   ]
52 8 [ 627.341  283.309 -757.078]
53 100 [ 791.613 -189.437 -660.   ]
54 8 [ 731.565  310.941 -757.078]
55 100 [ 791.613 -189.437 -660.   ]
56 10 [ 731.565  310.941 -757.078]
57 8 [ 514.496  426.146 -660.   ]
58 8 [ 627.341  283.309 -757.078]
59 100 [ 791.613 -189.437 -660.   ]
60 8 [ 731.565  310.941 -757.078]
61 100 [ 791.613 -189.437 -660.   ]
62 10 [ 731.565  310.941 -757.078]
63 8 [ 514.496  426.146 -660.   ]
64 8 [ 627.341  283.309 -757.078]
65 100 [ 791.613 -189.437 -660.   ]
66 8 [ 731.565  310.941 -757.078]
67 100 [ 791.613 -189.437 -660.   ]
68 10 [ 731.565  310.941 -757.078]
69 8 [ 514.496  426.146 -660.   ]
70 8 [ 627.341  283.309 -757.078]
71 100 [ 791.613 -189.437 -660.   ]
72 8 [ 731.565  310.941 -757.078]
73 100 [ 791.613 -189.437 -660.   ]
74 10 [ 731.565  310.941 -757.078]
75 8 [ 514.496  426.146 -660.   ]
76 8 [ 627.341  283.309 -757.078]
77 100 [ 791.613 -189.437 -660.   ]
78 8 [ 731.565  310.941 -757.078]
79 100 [ 791.613 -189.437 -660.   ]
80 10 [ 731.565  310.941 -757.078]
81 8 [ 514.496  426.146 -660.   ]
82 8 [ 627.341  283.309 -757.078]
83 100 [ 791.613 -189.437 -660.   ]
84 8 [ 731.565  310.941 -757.078]
85 100 [ 791.613 -189.437 -660.   ]
86 10 [ 731.565  310.941 -757.078]
87 8 [ 514.496  426.146 -660.   ]
88 8 [ 627.341  283.309 -757.078]
89 100 [ 791.613 -189.437 -660.   ]
90 8 [ 731.565  310.941 -757.078]