0.2931418700562831 0.1 0.5862837401125662 0.16294256101688495
0.2931418700562831 0.1 0.5862837401125662 0.16294256101688495
0.1954279133708554 0.2 0.5862837401125662 0.08908558267417108
0.3908558267417108 0.1 0.5862837401125662 0.2117995393595988
0.2931418700562831 0.2 0.5862837401125662 0.13794256101688493
0.2931418700562831 0.2 0.5862837401125662 0.13794256101688493
0.2345134960450265 0.3 0.5862837401125662 0.08362837401125664
0.35177024406753976 0.2 0.5862837401125662 0.16725674802251328
0.2931418700562831 0.3 0.5862837401125662 0.11294256101688493
0.2931418700562831 0.3 0.5862837401125662 0.11294256101688493
rand rand rand rand
0.2931418700562831 0.4 0.5862837401125662 0.08794256101688494
0.2931418700562831 0.4 0.5862837401125662 0.08794256101688494
0.26057055116114053 0.5 0.5862837401125662 0.046656901569313645
0.3257131889514257 0.4 0.5862837401125662 0.10422822046445623
rand rand rand rand
rand rand rand rand
0.2931418700562831 0.6 0.5862837401125662 0.037942561016884944
0.2931418700562831 0.6 0.5862837401125662 0.037942561016884944
0.27059249543656905 0.7 0.5862837401125662 0.0016678737070279157
0.3156912446759972 0.6 0.5862837401125662 0.04921724832674198
0.29314187005628306 0.7 0.5862837401125662 0.012942561016884922
0.29314187005628306 0.7 0.5862837401125662 0.012942561016884922
0.27359907871919753 0.8 0.5862837401125662 -0.021828834651657865
0.31268466139336865 0.7 0.5862837401125662 0.022713956685427715
0.2931418700562831 0.8 0.5862837401125662 -0.012057438983115072
0.2931418700562831 0.8 0.5862837401125662 -0.012057438983115072
0.27589823064120766 0.8 0.5862837401125662 -0.020679258690652798
0.3103855094713586 0.8 0.5862837401125662 -0.0034356192755773188
0.2931418700562831 0.8 0.5862837401125662 -0.012057438983115072
0.2931418700562831 0.8 0.5862837401125662 -0.012057438983115072
rand rand rand rand
rand rand rand rand
0.30710100672563 0.9 0.5862837401125662 -0.03007787064844162
0.27918273338693633 0.9 0.5862837401125662 -0.04403700731778846
0.29314187005628317 0.9 0.5862837401125662 -0.03705743898311504
0.29314187005628317 0.9 0.5862837401125662 -0.03705743898311504
0.2803965713581839 0.9 0.5862837401125662 -0.04343008833216467
0.30588716875438243 0.9 0.5862837401125662 -0.03068478963406541
0.29314187005628317 0.9 0.5862837401125662 -0.03705743898311504
0.29314187005628317 0.6000000000000001 0.5862837401125662 0.037942561016884944
0.3048675448585345 0.9 0.5862837401125662 -0.03119460158198937
0.2814161952540319 0.5 0.5862837401125662 0.057079723615759324
rand rand rand rand
rand rand rand rand
rand rand rand rand
rand rand rand rand
0.33222745273045434 0.9 0.5862837401125662 -0.017514647646029453
0.2540562873821121 0.10000000000000009 0.5862837401125662 0.14339976967979942
0.3404228168395547 0.9 0.5862837401125662 -0.013416965591479264
0.2458609232730117 0.10000000000000009 0.5862837401125662 0.1393020876252492
0.34810597069183635 0.9 0.5862837401125662 -0.009575388665338448
0.2381777694207301 0.10000000000000009 0.5862837401125662 0.13546051069910842
rand rand rand rand
rand rand rand rand
0.35177024406753993 0.9 0.5862837401125662 -0.007743251977486661
0.23451349604502658 0.10000000000000009 0.5862837401125662 0.13362837401125666
0.3582845078465684 0.9 0.5862837401125662 -0.004486120087972424
0.22799923226599805 0.10000000000000009 0.5862837401125662 0.1303712421217424
rand rand rand rand
rand rand rand rand
0.3457570775022828 0.5 0.5862837401125662 0.08925016473988479
0.2405266626102837 0.10000000000000009 0.5862837401125662 0.1366349572938852
rand rand rand rand
rand rand rand rand
0.33501928006432374 0.30000000000000004 0.5862837401125662 0.13388126602090525
0.25126446004824277 0.10000000000000009 0.5862837401125662 0.14200385601286475
0.34086263960032936 0.30000000000000004 0.5862837401125662 0.13680294578890806
0.24542110051223712 0.10000000000000009 0.5862837401125662 0.1390821762448619
rand rand rand rand
rand rand rand rand
0.3441230648486804 0.20000000000000007 0.5862837401125662 0.16343315841308356
0.24216067526388615 0.10000000000000009 0.5862837401125662 0.13745196362068643
0.3368012975114744 0.10000000000000009 0.5862837401125662 0.18477227474448057
0.24948244260109212 0.10000000000000009 0.5862837401125662 0.1411128472892894
0.3297846038133187 0.10000000000000009 0.5862837401125662 0.18126392789540272
0.25649913629924787 0.10000000000000009 0.5862837401125662 0.1446211941383673
0.32305430577631217 0.10000000000000009 0.5862837401125662 0.17789877887689945
0.26322943433625434 0.10000000000000009 0.5862837401125662 0.14798634315687054
0.3165932196607859 0.10000000000000009 0.5862837401125662 0.17466823581913632
0.2696905204517806 0.10000000000000009 0.5862837401125662 0.15121688621463367
rand rand rand rand
rand rand rand rand
0.32079676345781943 0.10000000000000009 0.5862837401125662 0.17677000771765308
0.26548697665474713 0.10000000000000009 0.5862837401125662 0.14911511431611693
rand rand rand rand
0.31979113097049083 0.0 0.5862837401125662 0.2012671914739888
0.2664926091420757 0.10000000000000009 0.5862837401125662 0.1496179305597812
0.3140805750603035 0.0 0.5862837401125662 0.19841191351889514
0.27220316505226305 0.10000000000000009 0.5862837401125662 0.1524732085148749
0.30857038953292976 0.0 0.5862837401125662 0.19565682075520827
0.2777133505796368 0.10000000000000009 0.5862837401125662 0.15522830127856177
0.30325021040305167 0.0 0.5862837401125662 0.19299673119026922
0.2830335297095149 0.10000000000000009 0.5862837401125662 0.15788839084350081
0.2981103763284237 0.0 0.5862837401125662 0.19042681415295523
0.2881733637841429 0.10000000000000009 0.5862837401125662 0.1604583078808148
0.2931418700562833 0.0 0.5862837401125662 0.18794256101688503
0.2931418700562833 0.10000000000000009 0.5862837401125662 0.162942561016885
rand rand rand rand
rand rand rand rand
rand rand rand rand
0.2931418700562833 0.0 0.5862837401125662 0.18794256101688503
0.2931418700562833 0.10000000000000009 0.5862837401125662 0.162942561016885
0.28863199513234045 0.0 0.5862837401125662 0.1856876235549136
0.2976517449802261 0.10000000000000009 0.5862837401125662 0.16519749847885642
0.2842587830848808 0.0 0.5862837401125662 0.18350101753118378
0.30202495702768584 0.10000000000000009 0.5862837401125662 0.16738410450258628
0.2800161146806288 0.0 0.5862837401125662 0.1813796833290578
0.30626762543193775 0.10000000000000009 0.5862837401125662 0.16950543870471224
rand rand rand rand
0.280396571358184 0.0 0.5862837401125662 0.1815699116678354
0.30588716875438254 0.10000000000000009 0.5862837401125662 0.16931521036593464
0.2763909060530671 0.0 0.5862837401125662 0.17956707901527694
0.30989283405949947 0.10000000000000009 0.5862837401125662 0.1713180430184931
0.27249807639034784 0.0 0.5862837401125662 0.1776206641839173
0.3137856637222187 0.10000000000000009 0.5862837401125662 0.17326445784985273
0.26871338088492636 0.0 0.5862837401125662 0.17572831643120657
0.3175703592276402 0.10000000000000009 0.5862837401125662 0.17515680560256347
rand rand rand rand
0.26937361032199003 0.0 0.5862837401125662 0.1760584311497384
0.31691012979057653 0.10000000000000009 0.5862837401125662 0.17482669088403163
rand rand rand rand
0.26228483110299033 0.0 0.5862837401125662 0.17251404154023856
0.3239989090095763 0.10000000000000009 0.5862837401125662 0.1783710804935315
0.26649260914207573 0.0 0.5862837401125662 0.17461793055978125
0.3197911309704909 0.10000000000000009 0.5862837401125662 0.1762671914739888
rand rand rand rand
0.27458858714132867 0.0 0.5862837401125662 0.17866591955940772
0.31169515297123795 0.10000000000000009 0.5862837401125662 0.17221920247436234
0.27115622980206205 0.0 0.5862837401125662 0.17694974088977442
0.31512751031050457 0.10000000000000009 0.5862837401125662 0.17393538114399565
0.26780862202672795 0.0 0.5862837401125662 0.17527593700210736
0.31847511808583867 0.10000000000000009 0.5862837401125662 0.1756091850316627
0.27169246493021376 0.0 0.5862837401125662 0.17721785845385027
0.3145912751823528 0.10000000000000009 0.5862837401125662 0.17366726357991977
rand rand rand rand
0.26522359671758966 0.0 0.5862837401125662 0.17398342434753822
0.32106014339497696 0.10000000000000009 0.5862837401125662 0.17690169768623185
0.2690007748751776 0.0 0.5862837401125662 0.17587201342633219
0.31728296523738897 0.10000000000000009 0.5862837401125662 0.17501310860743785
0.26587285888825696 0.0 0.5862837401125662 0.17430805543287187
0.32041088122430966 0.10000000000000009 0.5862837401125662 0.1765770666008982
0.26955574258049037 0.0 0.5862837401125662 0.17614949727898857
0.3167279975320762 0.10000000000000009 0.5862837401125662 0.17473562475478147
0.26649260914207573 0.0 0.5862837401125662 0.17461793055978125
0.3197911309704909 0.10000000000000009 0.5862837401125662 0.1762671914739888
0.27008576791702504 0.0 0.5862837401125662 0.1764145099472559
0.3161979721955415 0.10000000000000009 0.5862837401125662 0.17447061208651413
rand rand rand rand
0.2705924954365692 0.0 0.5862837401125662 0.176667873707028
0.3156912446759974 0.10000000000000009 0.5862837401125662 0.17421724832674207
0.26765127266008476 0.0 0.5862837401125662 0.17519726231878577
0.31863246745248186 0.10000000000000009 0.5862837401125662 0.1756878597149843
0.2710774282240899 0.0 0.5862837401125662 0.17691034010078835
0.31520631188847664 0.10000000000000009 0.5862837401125662 0.1739747819329817
0.26819362579617406 0.0 0.5862837401125662 0.17546843888683042
0.3180901143163925 0.10000000000000009 0.5862837401125662 0.17541668314693962
0.26537053499831964 0.0 0.5862837401125662 0.1740568934879032
0.320913205114247 0.10000000000000009 0.5862837401125662 0.17682822854586686
