0 11 [ 760.476  242.05  -757.078]
1 8 [ 760.476  242.05  -757.078]
2 10 [ 676.898  192.303 -757.078]
3 7 [ 627.341  283.309 -757.078]
4 8 [ 514.496  426.146 -660.   ]
5 6 [ 514.496  426.146 -660.   ]
6 9 [ 731.565  310.941 -757.078]
7 10 [ 539.745  206.497 -757.078]
8 9 [ 760.476  242.05  -757.078]
9 9 [ 676.898  192.303 -757.078]
10 8 [ 514.496  426.146 -660.   ]
11 12 [ 760.476  242.05  -757.078]
12 10 [ 760.476  242.05  -757.078]
13 8 [ 676.898  192.303 -757.078]
14 8 [ 627.341  283.309 -757.078]
15 9 [ 514.496  426.146 -660.   ]
16 7 [ 514.496  426.146 -660.   ]
17 11 [ 731.565  310.941 -757.078]
18 8 [ 539.745  206.497 -757.078]
19 10 [ 760.476  242.05  -757.078]
20 7 [ 676.898  192.303 -757.078]
21 9 [ 514.496  426.146 -660.   ]
22 10 [ 760.476  242.05  -757.078]
23 10 [ 760.476  242.05  -757.078]
24 9 [ 676.898  192.303 -757.078]
25 9 [ 627.341  283.309 -757.078]
26 8 [ 514.496  426.146 -660.   ]
27 6 [ 514.496  426.146 -660.   ]
28 11 [ 731.565  310.941 -757.078]
29 9 [ 539.745  206.497 -757.078]
30 8 [ 760.476  242.05  -757.078]
31 9 [ 676.898  192.303 -757.078]
32 8 [ 514.496  426.146 -660.   ]
33 11 [ 760.476  242.05  -757.078]
34 8 [ 760.476  242.05  -757.078]
35 10 [ 676.898  192.303 -757.078]
36 8 [ 627.341  283.309 -757.078]
37 10 [ 514.496  426.146 -660.   ]
38 8 [ 514.496  426.146 -660.   ]
39 9 [ 731.565  310.941 -757.078]
40 10 [ 539.745  206.497 -757.078]
41 10 [ 760.476  242.05  -757.078]
42 7 [ 676.898  192.303 -757.078]
43 8 [ 514.496  426.146 -660.   ]
44 12 [ 760.476  242.05  -757.078]
45 10 [ 760.476  242.05  -757.078]
46 8 [ 676.898  192.303 -757.078]
47 7 [ 627.341  283.309 -757.078]
48 10 [ 514.496  426.146 -660.   ]
49 8 [ 514.496  426.146 -660.   ]
50 11 [ 731.565  310.941 -757.078]
51 7 [ 514.496  426.146 -660.   ]
52 9 [ 627.341  283.309 -757.078]
53 100 [ 791.613 -189.437 -660.   ]
54 9 [ 731.565  310.941 -757.078]
55 100 [ 791.613 -189.437 -660.   ]
56 11 [ 731.565  310.941 -757.078]
57 7 [ 514.496  426.146 -660.   ]
58 8 [ 627.341  283.309 -757.078]
59 100 [ 791.613 -189.437 -660.   ]
60 9 [ 731.565  310.941 -757.078]
61 100 [ 791.613 -189.437 -660.   ]
62 10 [ 731.565  310.941 -757.078]
63 9 [ 514.496  426.146 -660.   ]
64 9 [ 627.341  283.309 -757.078]
65 100 [ 791.613 -189.437 -660.   ]
66 8 [ 731.565  310.941 -757.078]
67 100 [ 791.613 -189.437 -660.   ]
68 12 [ 731.565  310.941 -757.078]
69 8 [ 514.496  426.146 -660.   ]
70 7 [ 627.341  283.309 -757.078]
71 100 [ 791.613 -189.437 -660.   ]
72 8 [ 731.565  310.941 -757.078]
73 100 [ 791.613 -189.437 -660.   ]
74 11 [ 731.565  310.941 -757.078]
75 9 [ 514.496  426.146 -660.   ]
76 7 [ 627.341  283.309 -757.078]
77 100 [ 791.613 -189.437 -660.   ]
78 9 [ 731.565  310.941 -757.078]
79 100 [ 791.613 -189.437 -660.   ]
80 10 [ 731.565  310.941 -757.078]
81 7 [ 514.496  426.146 -660.   ]
82 9 [ 627.341  283.309 -757.078]
83 100 [ 791.613 -189.437 -660.   ]
84 9 [ 731.565  310.941 -757.078]
85 100 [ 791.613 -189.437 -660.   ]
86 10 [ 731.565  310.941 -757.078]
87 8 [ 514.496  426.146 -660.   ]
88 7 [ 627.341  283.309 -757.078]
89 100 [ 791.613 -189.437 -660.   ]
90 8 [ 731.565  310.941 -757.078]