0.29028641619130074 0.1 0.5805728323826015 0.08951432080956503
0.29028641619130074 0.1 0.5805728323826015 0.08951432080956503
0.19352427746086717 0.2 0.5805728323826015 0.04032378612695665
0.38704855492173434 0.1 0.5805728323826015 0.11370485549217343
0.29028641619130074 0.2 0.5805728323826015 0.06451432080956504
0.29028641619130074 0.2 0.5805728323826015 0.06451432080956504
0.2322291329530406 0.3 0.5805728323826015 0.02500000000000001
0.3483436994295609 0.2 0.5805728323826015 0.07902864161913008
0.29028641619130074 0.3 0.5805728323826015 0.039514320809565046
0.29028641619130074 0.3 0.5805728323826015 0.039514320809565046
0.24881692816397205 0.4 0.5805728323826015 0.004146948802732864
0.33175590421862944 0.3 0.5805728323826015 0.04988169281639722
0.29028641619130074 0.4 0.5805728323826015 0.014514320809565037
0.29028641619130074 0.4 0.5805728323826015 0.014514320809565037
0.25803236994782286 0.5 0.5805728323826015 -0.01854919075130443
0.32254046243477863 0.4 0.5805728323826015 0.02257783237043451
0.29028641619130074 0.5 0.5805728323826015 -0.010485679190434957
0.29028641619130074 0.5 0.5805728323826015 -0.010485679190434957
rand rand rand rand
0.29028641619130074 0.6 0.5805728323826015 -0.03548567919043495
0.29028641619130074 0.6 0.5805728323826015 -0.03548567919043495
0.26795669186889304 0.7 0.5805728323826015 -0.06606811027103687
0.3126161405137085 0.6 0.5805728323826015 -0.02990324810983301
0.29028641619130074 0.7 0.5805728323826015 -0.060485679190434946
0.29028641619130074 0.7 0.5805728323826015 -0.060485679190434946
0.27093398844521405 0.8 0.5805728323826015 -0.09032378612695666
0.30963884393738744 0.7 0.5805728323826015 -0.05564757225391327
0.29028641619130074 0.8 0.5805728323826015 -0.08548567919043495
0.29028641619130074 0.8 0.5805728323826015 -0.08548567919043495
0.273210744650636 0.8 0.5805728323826015 -0.08975459707560116
0.3073620877319655 0.8 0.5805728323826015 -0.08121676130526878
rand rand rand rand
0.27500818376017966 0.9 0.5805728323826015 -0.11430523729821523
0.3055646486224218 0.8 0.5805728323826015 -0.08166612108265471
0.2902864161913007 0.9 0.5805728323826015 -0.11048567919043498
0.2902864161913007 0.8 0.5805728323826015 -0.08548567919043498
0.3041095788670769 0.9 0.5805728323826015 -0.10702988852149092
0.2764632535155245 0.8 0.5805728323826015 -0.08894146985937904
0.31667609039050987 0.9 0.5805728323826015 -0.1038882606406327
0.26389674199209157 0.8 0.5805728323826015 -0.09208309774023726
0.3281498617814703 0.9 0.5805728323826015 -0.10101981779289257
0.25242297060113106 0.8 0.5805728323826015 -0.09495154058797739
0.3386674855565175 0.9 0.5805728323826015 -0.09839041184913078
0.24190534682608392 0.8 0.5805728323826015 -0.09758094653173918
rand rand rand rand
rand rand rand rand
0.3225404624347786 0.9 0.5805728323826015 -0.10242216762956549
0.25803236994782286 0.8 0.5805728323826015 -0.09354919075130444
rand rand rand rand
rand rand rand rand
0.34834369942956095 0.9 0.5805728323826015 -0.09597135838086993
0.23222913295304054 0.8 0.5805728323826015 -0.1
rand rand rand rand
rand rand rand rand
rand rand rand rand
0.30736208773196555 0.30000000000000004 0.5805728323826015 0.04378323869473123
0.273210744650636 0.8 0.5805728323826015 -0.08975459707560116
0.2985803137967665 0.20000000000000007 0.5805728323826015 0.06658779521093147
0.281992518585835 0.8 0.5805728323826015 -0.08755915359180141
rand rand rand rand
0.28244083737531966 0.10000000000000009 0.5805728323826015 0.08755292610556975
0.2981319950072819 0.8 0.5805728323826015 -0.0835242844864397
0.27500818376017966 0.0 0.5805728323826015 0.11069476270178477
0.3055646486224219 0.8 0.5805728323826015 -0.08166612108265468
rand rand rand rand
0.2612577745721707 0.0 0.5805728323826015 0.10725716040478253
0.3193150578104309 0.8 0.5805728323826015 -0.07822851878565243
0.254885633728947 0.0 0.5805728323826015 0.10566412519397661
0.3256871986536546 0.8 0.5805728323826015 -0.07663548357484651
0.2488169281639721 0.0 0.5805728323826015 0.10414694880273288
0.33175590421862955 0.8 0.5805728323826015 -0.07511830718360277
0.24303048797411228 0.0 0.5805728323826015 0.10270033875526793
0.33754234440848935 0.8 0.5805728323826015 -0.07367169713613782
0.23750706779288244 0.0 0.5805728323826015 0.10131948370996047
0.3430657645897192 0.8 0.5805728323826015 -0.07229084209083035
0.23222913295304062 0.0 0.5805728323826015 0.1
0.348343699429561 0.8 0.5805728323826015 -0.0709713583808699
0.227180673541018 0.0 0.5805728323826015 0.09873788514699436
0.35339215884158365 0.8 0.5805728323826015 -0.06970924352786424
0.22234704218908144 0.0 0.5805728323826015 0.09752947730901021
0.35822579019352013 0.8 0.5805728323826015 -0.06850083568988012
rand rand rand rand
0.21327165271197607 0.0 0.5805728323826015 0.09526062993973387
0.3673011796706255 0.8 0.5805728323826015 -0.06623198832060379
rand rand rand rand
rand rand rand rand
rand rand rand rand
0.21908408769154777 0.0 0.5805728323826015 0.0967137386846268
0.36148874469105374 0.8 0.5805728323826015 -0.06768509706549672
0.21502697495651912 0.0 0.5805728323826015 0.09569946050086964
0.36554585742608237 0.8 0.5805728323826015 -0.06667081888173956
0.21111739359367332 0.0 0.5805728323826015 0.09472206516015819
0.36945543878892817 0.8 0.5805728323826015 -0.06569342354102811
rand rand rand rand
0.21389525403569534 0.0 0.5805728323826015 0.09541653027066369
0.3666775783469061 0.8 0.5805728323826015 -0.06638788865153362
0.21020740482818334 0.0 0.5805728323826015 0.09449456796878569
0.3703654275544181 0.8 0.5805728323826015 -0.06546592634965563
rand rand rand rand
rand rand rand rand
0.20938692315438093 0.0 0.5805728323826015 0.09428944755033508
0.3711859092282205 0.8 0.5805728323826015 -0.06526080593120503
0.20600971471640703 0.0 0.5805728323826015 0.09344514544084162
0.3745631176661944 0.8 0.5805728323826015 -0.06441650382171156
0.20273971924471804 0.0 0.5805728323826015 0.09262764657291936
0.3778331131378833 0.8 0.5805728323826015 -0.06359900495378933
0.19957191113151931 0.0 0.5805728323826015 0.09183569454461968
0.38100092125108204 0.8 0.5805728323826015 -0.06280705292548965
0.19650157403718824 0.0 0.5805728323826015 0.09106811027103692
0.3840712583454131 0.8 0.5805728323826015 -0.062039468651906876
0.1935242774608672 0.0 0.5805728323826015 0.09032378612695666
0.3870485549217341 0.8 0.5805728323826015 -0.061295144507826624
0.1906358554092125 0.0 0.5805728323826015 0.08960168061404297
0.3899369769733888 0.8 0.5805728323826015 -0.06057303899491295
0.1878323869473123 0.0 0.5805728323826015 0.08890081349856793
0.39274044543528897 0.8 0.5805728323826015 -0.05987217187943791
0.1851101784408295 0.0 0.5805728323826015 0.08822026137194723
0.39546265394177177 0.8 0.5805728323826015 -0.05919161975281721
rand rand rand rand
0.18807288936337802 0.0 0.5805728323826015 0.08896093910258436
0.39249994301922325 0.8 0.5805728323826015 -0.05993229748345434
0.18546076589999774 0.0 0.5805728323826015 0.08830790823673929
0.3951120664826035 0.8 0.5805728323826015 -0.05927926661760928
0.1829202074630115 0.0 0.5805728323826015 0.08767276862749274
0.39765262491958975 0.8 0.5805728323826015 -0.05864412700836272
0.18044831276756537 0.0 0.5805728323826015 0.08705479495363119
0.40012451961503587 0.8 0.5805728323826015 -0.05802615333450119
0.17804233526399785 0.0 0.5805728323826015 0.08645330057773931
0.4025304971186034 0.8 0.5805728323826015 -0.057424658958609306
0.1756996729578926 0.0 0.5805728323826015 0.085867635001213
0.4048731594247086 0.8 0.5805728323826015 -0.05683899338208301
rand rand rand rand
0.17119455313845947 0.0 0.5805728323826015 0.08474135504635472
0.4093782792441417 0.8 0.5805728323826015 -0.055712713427224725
0.16902753347847896 0.0 0.5805728323826015 0.0841996001313596
0.4115452989041222 0.8 0.5805728323826015 -0.0551709585122296
rand rand rand rand
0.16485401413333134 0.0 0.5805728323826015 0.08315622029507269
0.4157188182492699 0.8 0.5805728323826015 -0.054127578675942686
rand rand rand rand
0.16787648165280047 0.0 0.5805728323826015 0.08391183717493997
0.4126963507298007 0.8 0.5805728323826015 -0.05488319555580998
0.16587795210931477 0.0 0.5805728323826015 0.08341220478906855
0.41469488027328644 0.8 0.5805728323826015 -0.054383563169938545
0.16392644679038165 0.0 0.5805728323826015 0.08292432845933527
0.4166463855922195 0.8 0.5805728323826015 -0.05389568684020528
rand rand rand rand
0.16015802272623494 0.0 0.5805728323826015 0.08198222244329859
0.4204148096563662 0.8 0.5805728323826015 -0.05295358082416861
0.158338045195255 0.0 0.5805728323826015 0.0815272280605536
0.42223478718734614 0.8 0.5805728323826015 -0.05249858644142362
rand rand rand rand
0.15481942196869378 0.0 0.5805728323826015 0.08064757225391331
0.42575341041390735 0.8 0.5805728323826015 -0.05161893063478332
0.15311810963936748 0.0 0.5805728323826015 0.08022224417158172
0.42745472274323365 0.8 0.5805728323826015 -0.05119360255245174
0.1514537823606787 0.0 0.5805728323826015 0.07980616235190953
0.4291190500219224 0.8 0.5805728323826015 -0.05077752073277955
