0.06461721576562661 1.0 0.7714506871027657 [0.43418452 0.46964984 0.30277173 0.        ]
0.09874145509592942 0.966467437675285 0.8021539278536421 [0.44136358 0.47868761 0.36883618 0.        ]
0.0841498338823458 0.9633211316974052 0.8145080748973503 [0.42622746 0.48478043 0.38514762 0.        ]
0.07431814705292258 0.9633622220780557 0.8146789157654296 [0.46071306 0.4710911  0.38413243 0.        ]
0.11942082350666387 0.9499788512617023 0.8156027901982131 [0.46688963 0.46820358 0.45063772 0.        ]
0.1626144666131981 0.9309854296026158 0.8338590224639366 [0.48266203 0.47960914 0.5121015  0.        ]
0.14051134233506074 0.9366497373085645 0.8341480646821674 [0.46731528 0.48678689 0.51314453 0.        ]
0.12264759789995604 0.9397177586127692 0.8341035452146405 [0.46439438 0.48626989 0.51225517 0.        ]
0.12287576472763743 0.9477517712542972 0.8341803009140788 [0.43259593 0.49707247 0.51513285 0.        ]
0.12959156080776663 0.9614334603520331 0.8355580244112435 [0.40211418 0.51418849 0.51392509 0.        ]
0.17693132787489133 0.9467096511935592 0.8315359723313779 [0.33331999 0.50303929 0.54306308 0.        ]
0.20634394169259562 0.9272899952128554 0.8324962289361483 [0.27448336 0.47748124 0.53860709 0.        ]
0.24446916324518111 0.908433147106654 0.8365404432187644 [0.21328418 0.45674478 0.53600292 0.        ]
0.2827078828972235 0.8971897127083535 0.8380895810736136 [0.15700348 0.4317845  0.53962466 0.        ]
0.32630519890960696 0.8905158392519027 0.8349678066726814 [0.09456843 0.43308456 0.55999267 0.        ]
0.36488719391014857 0.8941070279651567 0.8290413425235388 [0.03993453 0.42678533 0.58546667 0.        ]
1.0807016088367893 0.6141864329075003 0.9258973370823503 [0.00426364 0.41832865 0.59904962 1.        ]
1.00164914237729 1.0 0.7261860876530808 [0.42477772 0.39441751 0.24428313 0.        ]
0.5444004720405505 0.9598018917486028 0.7568596774624965 [0.41802835 0.3297617  0.29158666 0.        ]
0.42217756545042123 0.9336373247485114 0.7909498111652847 [0.42401865 0.2703955  0.34890221 0.        ]
0.35107721106304096 0.9217704875756481 0.8115132675710821 [0.44041069 0.26454069 0.3959558  0.        ]
0.35266381666208796 0.900446014962711 0.8271388571818941 [0.43390787 0.22542847 0.47285989 0.        ]
0.36144852686337736 0.8781486313208147 0.8359263154003307 [0.42154232 0.19176505 0.54134272 0.        ]
0.353919647910727 0.8830945824101086 0.8452108066733527 [0.40614566 0.18309276 0.58967081 0.        ]
0.3513317372421716 0.8902600641491962 0.8541521051380021 [0.3868439  0.17719158 0.63312721 0.        ]
0.34753240715664047 0.8981787851516545 0.8618643058663723 [0.38855419 0.1727297  0.67242378 0.        ]
0.3572677603639901 0.9130013399704506 0.8655230569420496 [0.40392559 0.20439393 0.72624613 0.        ]
0.34740073168559404 0.9232743185082557 0.8562299168526613 [0.40026024 0.23675839 0.74842674 0.        ]
0.3263063712932908 0.9318313965620992 0.8539113815527761 [0.4015178  0.24585905 0.75550896 0.        ]
0.2992342993566454 0.9444418779963148 0.8413895012499573 [0.3897108  0.24334697 0.75096322 0.        ]
0.2826091556938547 0.9587572164821583 0.8525433889875437 [0.40025245 0.24961669 0.75674709 0.        ]
0.26055804748448547 0.9811206086086471 0.853957920674034 [0.39726273 0.24286772 0.75316842 0.        ]
0.24538690257274393 0.9937762107632371 0.8542049526481126 [0.40000312 0.24394553 0.75473334 0.        ]
0.2344669103758933 0.9944970293922903 0.8534613424018145 [0.40260697 0.24836275 0.75810058 0.        ]
0.22637657006962084 0.9661556327844071 0.8478710376816413 [0.35646371 0.19050249 0.69746222 0.        ]
0.24749446790209975 0.9309899375791615 0.8408662730346952 [0.3165878  0.14686491 0.63091225 0.        ]
0.26871362421106837 0.9028209624932386 0.8141353620093561 [0.27738764 0.14602434 0.56756716 0.        ]
0.2941416524457368 0.8850176161069422 0.7809675512949847 [0.20895733 0.22029574 0.55505956 0.        ]
0.2480906061436778 0.8963727748383964 0.819169854750569 [0.25758893 0.1752954  0.59508815 0.        ]
0.2163039198917836 0.9268962218542598 0.8459422292505774 [0.31326911 0.15825917 0.64925591 0.        ]
0.2022548014452027 0.9309989789888401 0.8585119798052695 [0.35870028 0.15572181 0.6722072  0.        ]
0.2004124596173234 0.9089401921715683 0.8676758384071248 [0.40462204 0.19197226 0.7195288  0.        ]
0.19547299495155238 0.903505981172215 0.8681814350249305 [0.40902604 0.17141341 0.70398206 0.        ]
0.18726811657044634 0.9271641039638573 0.8685485500773249 [0.40735674 0.1856616  0.71519868 0.        ]
0.18082559278767804 0.9528923012736211 0.8684811429114847 [0.40772936 0.18987404 0.71815989 0.        ]
0.18235866010559165 0.9708570291445876 0.8646116121347174 [0.41099955 0.15575999 0.69412221 0.        ]
0.169512932535447 0.9844609380100204 0.8684272782448862 [0.40650136 0.18379975 0.71247581 0.        ]
0.18398379355918582 0.9690836503307169 0.848818536315471 [0.38718726 0.1252233  0.6605301  0.        ]
0.22132229692254232 0.9417501479553706 0.810117362085072 [0.37395723 0.07070347 0.6151199  0.        ]
0.26057317308425043 0.9215958090404608 0.7814799769393893 [0.41075786 0.01995294 0.59656031 0.        ]
1.019481021958061 0.6177496613065205 0.9305846434121324 [0.41627444 0.00139269 0.58095007 1.        ]
1.0060801704797218 1.0 0.6444214681947746 [0.35947162 0.38441875 0.31425414 0.        ]
0.5553070624498638 0.9539210407120001 0.6822875901091116 [0.2785244  0.36903104 0.35553183 0.        ]
0.4091837403590513 0.9399513809279578 0.6859293865319436 [0.22999642 0.36611653 0.37758528 0.        ]
0.3063135167613218 0.9420706149653594 0.6863291852229364 [0.23631875 0.35674366 0.36896322 0.        ]
0.24627190850227634 0.9452448885365138 0.6863601487097328 [0.23733135 0.3534754  0.36872886 0.        ]
0.2063477842990508 0.9483978814649303 0.686373353769045 [0.23919391 0.35104901 0.367605   0.        ]
0.17714446685971508 0.9812963454388577 0.6863063660859409 [0.23751729 0.35195002 0.36980152 0.        ]
0.2422676941628663 0.9611734906400385 0.6717762819773011 [0.19286189 0.2935377  0.43970262 0.        ]
0.2809631489736762 0.9316630180565942 0.667636716860724 [0.13405574 0.31168688 0.49952189 0.        ]
0.31637287831821165 0.9039460545042777 0.670613068295379 [0.07480693 0.36667863 0.5388057  0.        ]
0.348590149884697 0.8812104923646578 0.6731005843600513 [0.03273961 0.41874687 0.57495647 0.        ]
1.004016872089049 0.6068554496913801 0.9245302856148803 [0.0037957  0.41971521 0.60200447 1.        ]
1.0020786162004038 1.0 0.280953310374632 [0.40459116 0.38915886 0.26136251 0.        ]
0.5263165088573967 0.9766543374249288 0.3366779753309486 [0.41409019 0.34362523 0.26542908 0.        ]
0.4097156936155831 0.9469399816005057 0.3939229622790502 [0.40770453 0.28154544 0.32530267 0.        ]
0.3729557731144698 0.9197744943137082 0.46318452531021576 [0.41089671 0.22140919 0.38119683 0.        ]
0.37396892913085816 0.8919306025172193 0.5372418903232914 [0.41269944 0.16304295 0.4480269  0.        ]
0.398907923215758 0.861974272758971 0.5865354669762731 [0.42213668 0.11081416 0.53223583 0.        ]
0.39322312236973656 0.8559635254346667 0.6256660839669228 [0.45606767 0.08274837 0.5759302  0.        ]
0.3732799809823109 0.8709103425992304 0.6488097986942798 [0.48485073 0.07324096 0.59904679 0.        ]
0.35281419690826593 0.8939286613513187 0.6430795904393527 [0.44201868 0.02873971 0.59438401 0.        ]
0.3082233182607378 0.9260442158988762 0.6489535020070226 [0.47982352 0.06753066 0.60309621 0.        ]
0.3058994973859207 0.9525963079601378 0.6408919770818732 [0.4269436  0.01236231 0.58930995 0.        ]
0.2861040511383231 0.9596045842346451 0.6374414215316688 [0.41853901 0.00581601 0.58562469 0.        ]
0.9946788728898033 0.6251674914336933 0.9235258116797691 [0.41929438 0.00444714 0.58032828 1.        ]
1.0024666090636278 1.0 0.596198034266789 [0.3545621  0.39834119 0.28113053 0.        ]
0.5496035288924481 0.9563048525612673 0.6542624344940791 [0.29979371 0.35405326 0.33286123 0.        ]
0.42449091244396314 0.9321862267569427 0.6803258477565205 [0.23652907 0.35241792 0.38563252 0.        ]
0.3558291901800634 0.9216335310085887 0.7071454185667619 [0.23355744 0.42484671 0.41769396 0.        ]
0.3391494516014208 0.9061842366591389 0.7266117706806196 [0.22638517 0.4759472  0.46639664 0.        ]
0.33316366425177335 0.8905954951454254 0.7387472107246419 [0.18831068 0.47892864 0.52032816 0.        ]
0.3259554304931075 0.8958540439350806 0.7384379661765337 [0.1402706  0.46055354 0.54897974 0.        ]
0.32637223232509893 0.9039551970839675 0.7330353997980661 [0.09201488 0.43675451 0.56722345 0.        ]
0.3283649916771305 0.9077968097466464 0.7273623667508293 [0.05109623 0.41678578 0.58139891 0.        ]
0.9907497556591032 0.6154612179966721 0.8473394940802853 [0.00370511 0.38745849 0.60355182 1.        ]
1.0013797000162068 1.0 0.4512326197403321 [0.41145988 0.35756948 0.23377092 0.        ]
0.5305353287285459 0.9721846423028082 0.5202198877347979 [0.4012648  0.30540324 0.25018801 0.        ]
0.39866878847585546 0.9514374496576337 0.5619548567755535 [0.36345122 0.2612636  0.28095077 0.        ]
0.36518701808130455 0.9248833987535694 0.6143911066025394 [0.33995917 0.20398557 0.33929261 0.        ]
0.3625463391322889 0.8986051999468601 0.6539665823424312 [0.34193356 0.14563036 0.40275852 0.        ]
0.3539125716686536 0.8791955253412654 0.7104104753816709 [0.37083551 0.09252163 0.43202169 0.        ]
0.364697237920641 0.8755969453206206 0.757704504562962 [0.37943382 0.04413297 0.48010046 0.        ]
0.36077040618064266 0.8811522535848202 0.7906452481995571 [0.38570069 0.00611125 0.5045224  0.        ]
0.3223024036730897 0.9033950782955313 0.789368848578057 [0.39444466 0.00701894 0.50532513 0.        ]
0.9771654931219584 0.6209820756147213 0.8363630449665791 [0.39051286 0.0043448  0.5078606  1.        ]
1.0054438188227977 1.0 0.6176018818847763 [0.33588068 0.35961291 0.29017774 0.        ]
0.5626580523667764 0.9480106773762611 0.6967842238133388 [0.26195541 0.31748202 0.34994062 0.        ]
0.4483477213387647 0.9176002442954346 0.738648276635297 [0.19386042 0.28728243 0.4137601  0.        ]
0.40948428688609817 0.8918767409709614 0.7681818609438178 [0.13160228 0.2880642  0.48003131 0.        ]
0.41535081678499497 0.8635188647993691 0.7884997922895308 [0.05982957 0.26961348 0.54729095 0.        ]
0.4181759932645585 0.8394355089655439 0.8048175442441301 [0.00607574 0.26637096 0.60625055 0.        ]
0.3560181285416083 0.8642619343816772 0.8047966423658314 [0.00568586 0.27047819 0.60018481 0.        ]
0.9730506262983432 0.6133461701523255 0.6696620688864087 [0.00455965 0.26289079 0.60176626 1.        ]
1.0008785262706088 1.0 0.44650265730272687 [0.40618391 0.37382763 0.22996735 0.        ]
0.5538384364844713 0.950088617404898 0.47619638462092756 [0.34425643 0.31421031 0.28071525 0.        ]
0.4125260896275274 0.9342733927894373 0.503521099016581 [0.33205173 0.26328573 0.31521728 0.        ]
0.3901922242527013 0.905754554770006 0.5317897849170444 [0.3017556  0.20488011 0.39365056 0.        ]
0.36435301103471696 0.8864811398936301 0.5547685237259287 [0.30937513 0.16956454 0.44808985 0.        ]
0.38759414789212393 0.8615364672649134 0.5861203315027036 [0.25388712 0.10745853 0.50280636 0.        ]
0.3843603483669419 0.8676005449534192 0.6162175649269798 [0.24957343 0.05803347 0.53601511 0.        ]
0.37854009213633766 0.8756933154985644 0.640416724450762 [0.25661002 0.01361285 0.55771555 0.        ]
0.3416756867767355 0.90082925830501 0.6502195113428705 [0.26567806 0.00519159 0.55624403 0.        ]
0.304311415704204 0.9251934211700754 0.6436925945430635 [0.26598666 0.01582407 0.560912   0.        ]
0.9875024127774215 0.6248269136704847 0.8585422268226245 [0.26777033 0.00402124 0.55281232 1.        ]
1.0046946128022038 1.0 0.6230092020513758 [0.34086609 0.4095475  0.29020778 0.        ]
0.5653798242899742 0.944991077263645 0.6828108632530591 [0.28348567 0.344371   0.357761   0.        ]
0.442613464846261 0.9194350095079071 0.7458980146667212 [0.20799484 0.32887342 0.40743706 0.        ]
0.41412101321996336 0.8909292265629798 0.8051784682300411 [0.13140997 0.32433298 0.47353127 0.        ]
0.4150577808201373 0.8630350847155592 0.8489206782114899 [0.06125846 0.33853347 0.54130457 0.        ]
0.4049670998391072 0.8424092232012327 0.8720910915859938 [0.01652117 0.34822094 0.58934346 0.        ]
0.36249280906128556 0.863517357945393 0.8726973273024728 [0.00928804 0.34968139 0.60552644 0.        ]
0.3153805413193449 0.895415088382413 0.8726613345603913 [0.01046848 0.33702218 0.59960452 0.        ]
0.2797471339916856 0.9344525606767361 0.8733975388697055 [0.00847411 0.33711106 0.59433406 0.        ]
0.25659636685559184 0.970340084159885 0.8746149232880622 [0.00693307 0.34187829 0.60368447 0.        ]
0.9800748699494588 0.6272293838035696 0.8040975257873882 [0.00383296 0.34310098 0.60023175 1.        ]
1.0007600597870743 1.0 0.430060751042483 [0.41528767 0.42152364 0.22397427 0.        ]
0.5381254492129492 0.9640570851760537 0.4738730032707 [0.40375034 0.36403112 0.26555638 0.        ]
0.43073962502595964 0.9290557427740578 0.5239870737679976 [0.3440853  0.30289228 0.32484225 0.        ]
0.40906095102459666 0.8944730425093548 0.5751041536639415 [0.3036405  0.23411657 0.39647186 0.        ]
0.41015520407347966 0.864273534422584 0.6286162372348788 [0.29953814 0.16432852 0.46789731 0.        ]
0.42164079687036776 0.8373693575976141 0.6842073810978464 [0.31668053 0.09953601 0.53429583 0.        ]
0.42855446280164455 0.8383291647706167 0.7249241244658755 [0.32704107 0.04807218 0.58748731 0.        ]
1.0042054936118527 0.599203859300151 0.8644767807648039 [0.34352077 0.00448394 0.61760528 1.        ]
1.005414192558663 1.0 0.579165379735435 [0.33612629 0.35041157 0.2887521  0.        ]
0.5611508912884579 0.949193136563983 0.641896025455952 [0.26410652 0.31256625 0.34963095 0.        ]
0.4469854294975814 0.9186871785487996 0.7226144281565869 [0.19632907 0.28817926 0.41594605 0.        ]
0.4080963184056078 0.8928362537043371 0.7904981064810729 [0.13223522 0.28341874 0.47755824 0.        ]
0.41352356917646416 0.8646593691895694 0.8396279240975659 [0.0576929  0.29035343 0.54506573 0.        ]
0.41193032128220713 0.8419389176127609 0.8709012554228206 [0.00847903 0.31676028 0.60028529 0.        ]
0.35229364007019826 0.8659539887132572 0.8781969761869816 [0.00699318 0.31022583 0.59586079 0.        ]
0.9703355359900899 0.613607629787449 0.923838484499804 [0.00496674 0.3131024  0.59829254 1.        ]
1.002243011179804 1.0 0.5456653521437753 [0.3743305  0.35031699 0.2508902  0.        ]
0.549311064034743 0.9558370124531133 0.5659961900771865 [0.3294041  0.31293702 0.31711583 0.        ]
0.4399506166730242 0.9226949469138479 0.5828250261816177 [0.25901356 0.26963518 0.37661192 0.        ]
0.36437836821559144 0.9106247582770314 0.5970386341664982 [0.2541974  0.22532194 0.39801258 0.        ]
0.3159998122564026 0.9058736885633045 0.6113765544629459 [0.29064548 0.20752927 0.42796839 0.        ]
0.30393130243466054 0.8981598687677307 0.6185470677894915 [0.29843277 0.16096471 0.44857064 0.        ]
0.2913232693751599 0.91675178218621 0.6315653262878265 [0.36210392 0.18030495 0.48208682 0.        ]
0.2871385095463172 0.9227555191373432 0.6427961126846597 [0.38892187 0.14290187 0.48738309 0.        ]
0.2597827476520827 0.9301232874720731 0.6446199732814547 [0.38642321 0.12697587 0.47479806 0.        ]
0.2490616357339895 0.943269766053012 0.6391587373500494 [0.36149722 0.10179789 0.4838311  0.        ]
0.26677504890386 0.9452921340195202 0.6239649714822733 [0.3255893  0.05112023 0.48313407 0.        ]
0.980970685547391 0.6216554004988561 0.7492490665571001 [0.31317663 0.0040232  0.48089251 1.        ]
1.0044424873476074 1.0 0.6325547248392621 [0.33439144 0.42935954 0.29111863 0.        ]
0.5571035611255324 0.9518070964914986 0.6980024192417333 [0.2595897  0.42276137 0.35154535 0.        ]
0.4432343116182916 0.921161303676011 0.7575807899442153 [0.19159289 0.43569662 0.42033066 0.        ]
0.40123811904766393 0.8965418495478317 0.7853755413589802 [0.13065921 0.41839059 0.47636476 0.        ]
0.3929823255174763 0.8731181876123433 0.7888697277189546 [0.07295102 0.42361521 0.53558022 0.        ]
0.41048857734196637 0.8477483929528874 0.7894254121642853 [0.00528332 0.41712453 0.59706208 0.        ]
0.35039836138275726 0.8701337834650609 0.788823048369593 [0.00725973 0.41341668 0.59492198 0.        ]
0.31347352839720755 0.9003216096566518 0.7857982809634749 [0.00820918 0.42425382 0.60520871 0.        ]
0.2773102528643798 0.9325866933933589 0.786703768205081 [0.00881709 0.42454145 0.60271093 0.        ]
0.25246506368936916 0.9649176570336611 0.7865467670398993 [0.005461   0.41644018 0.60435418 0.        ]
0.2424811981634292 0.9671435765100248 0.7679077303741811 [0.06170308 0.35864779 0.57106531 0.        ]
0.2633927615302774 0.9306828837548284 0.7455326151448071 [0.12674133 0.29884101 0.53626296 0.        ]
0.313726464501427 0.8911308709045727 0.7005346471854437 [0.1967624  0.2253181  0.52333605 0.        ]
0.37839339997025145 0.8564404916925941 0.6391082850065237 [0.27063323 0.14870749 0.53422107 0.        ]
0.44681427156088616 0.8315378297038212 0.5645514585873185 [0.34801397 0.07693254 0.55691413 0.        ]
0.33393393657099424 0.8637203876820393 0.6428391937579039 [0.26570889 0.15294157 0.53355132 0.        ]
0.26142361909413586 0.8986412833185335 0.7038325929162326 [0.19101572 0.23265357 0.52195479 0.        ]
0.22518465200170124 0.896755077898255 0.7529094671018629 [0.12855432 0.31016306 0.52229418 0.        ]
0.22038357751749693 0.8605269658436936 0.7758235999999293 [0.06653413 0.37469348 0.55432129 0.        ]
0.23762604917639507 0.8323340364858485 0.7886950158619852 [0.01517863 0.42138052 0.59168835 0.        ]
1.0055874652554961 0.6020703957189473 0.9326412671402396 [0.00425329 0.4137592  0.59904332 1.        ]
1.002564224528124 1.0 0.5249749940853831 [0.39791992 0.38612145 0.27114078 0.        ]
0.5317975090188595 0.9722292297913885 0.583479135847682 [0.38689322 0.33497718 0.28978315 0.        ]
0.40520595347097216 0.9485155264806596 0.6324282861882023 [0.37436668 0.2788286  0.3315557  0.        ]
0.3540477353883441 0.9290506442618643 0.6601150112783184 [0.38169785 0.22647281 0.3668355  0.        ]
0.33653099721431584 0.9104836367880961 0.6719050315523563 [0.39163211 0.17821133 0.40641775 0.        ]
0.37466490870345637 0.8810053402430593 0.6843630525566206 [0.3942639  0.10481857 0.48413734 0.        ]
0.40801528994522773 0.8652014859108812 0.6970325987572655 [0.41406026 0.04551279 0.55779811 0.        ]
0.40062496484949145 0.8638143995582166 0.7052183399121351 [0.41781434 0.00857951 0.58671976 0.        ]
0.3523475707987587 0.8799966693785168 0.7063028006422851 [0.41288975 0.00714937 0.57645555 0.        ]
0.9927835536926992 0.6159227468731172 0.9236311224858811 [0.41557478 0.00375984 0.58321396 1.        ]
1.0047977109346466 1.0 0.5968945960098737 [0.33854999 0.36874188 0.29007104 0.        ]
0.5583528928472121 0.951082660983416 0.6602322026853795 [0.26685248 0.33591173 0.34797849 0.        ]
0.44267672631383564 0.9214290633984779 0.7150615678349865 [0.20127052 0.30982003 0.41125561 0.        ]
0.3835508809139925 0.9035842641647656 0.7411299543306722 [0.15991775 0.31176736 0.46073432 0.        ]
0.3533503524117405 0.8902310160860752 0.7568545366548043 [0.12847398 0.25870731 0.48100806 0.        ]
0.37069505391321417 0.8701620393303295 0.7724189771571638 [0.08244508 0.23251729 0.55083686 0.        ]
0.374688748106398 0.8809122964103002 0.7752536957195391 [0.03383865 0.25142344 0.60007219 0.        ]
0.33941650522766376 0.8981004480776571 0.7741725796154482 [0.01828571 0.2609877  0.60308337 0.        ]
0.30581605335443096 0.9152638599019637 0.773477041968288 [0.00883538 0.26104725 0.59700503 0.        ]
0.2692776144622885 0.9379998982642543 0.776984625060716 [0.03690836 0.24781936 0.60400028 0.        ]
0.256530744118138 0.9660976311456929 0.7696258089333476 [0.01527742 0.27545176 0.60706127 0.        ]
0.23871841889957948 0.9844537671090381 0.7714493772270127 [0.00783361 0.27229269 0.6065576  0.        ]
0.2197871676010243 0.9689651379777859 0.7749116255087302 [0.05885184 0.21499684 0.56414735 0.        ]
0.2289987099150969 0.9440442721924134 0.7709534647928269 [0.11182008 0.18059375 0.54209125 0.        ]
0.2637902235861525 0.9148957995585603 0.7746069914021456 [0.17341618 0.13290177 0.51865069 0.        ]
0.3127696255567313 0.8831482401983871 0.7491522672842138 [0.24789955 0.08585625 0.51575548 0.        ]
0.3163422201156469 0.8800200252449183 0.7752594363966345 [0.23820651 0.05422959 0.55980349 0.        ]
1.0202965652712461 0.6124040807623345 0.7971022045156223 [0.26351957 0.00310346 0.55025512 1.        ]
0.37650701859538127 0.6174231851888119 0.7727730740176322 [0.26501676 0.01001248 0.54900118 0.        ]
0.9684347123705551 0.5247079567711348 0.805987631564582 [0.26407413 0.00441204 0.55408887 1.        ]
0.38437222113822644 0.5272340638046902 0.776362398907958 [0.26497179 0.02003409 0.56397691 0.        ]
0.3655040293198276 0.5281155665995665 0.7745096203850041 [0.26575734 0.02506551 0.56855254 0.        ]
0.9298570150748866 0.49986765778141373 0.7948342221487654 [0.27057489 0.00494419 0.550279   1.        ]
0.8913443803139113 0.49987132056874295 0.8111836424037647 [0.26655212 0.0023856  0.55352918 1.        ]
0.40499037841640856 0.4998766455995257 0.7736889064149428 [0.26590443 0.01599552 0.55296267 0.        ]
0.38326041781546344 0.5284139460850432 0.7738507911698337 [0.2477324  0.02230699 0.56180422 0.        ]
0.8665734774116304 0.4998217367142288 0.7975314257320372 [0.26933017 0.00469705 0.5549409  1.        ]
0.40201223267875363 0.4998589057796238 0.7709975998543991 [0.26541714 0.00954249 0.54246047 0.        ]
0.38705316743677787 0.5284493312395405 0.7723647231342265 [0.26564129 0.01150088 0.54470383 0.        ]
0.3703801435884409 0.6270867548762313 0.7740044080241522 [0.26674268 0.0266762  0.56516369 0.        ]
0.3429007265497383 0.6251680028230855 0.7834721973538524 [0.18727867 0.08257165 0.55994191 0.        ]
0.33223702555794465 0.6222289156243006 0.7848630547686409 [0.15865718 0.11272398 0.56661723 0.        ]
0.32491281817107065 0.9390336752300578 0.7841934347183728 [0.1882768  0.08080228 0.56774496 0.        ]
0.3143546835896114 0.9414839544693873 0.7849704220544739 [0.1663863  0.10214469 0.56713565 0.        ]
0.3102345049491959 0.9442080894217357 0.783511193832599 [0.13161997 0.14722471 0.56792259 0.        ]
0.3000496005626446 0.9691490870331539 0.7844317870240863 [0.18526978 0.08816871 0.56901435 0.        ]
0.312604707226382 0.9516312481131071 0.7750127736953832 [0.24036094 0.03179299 0.56734329 0.        ]
0.8801389245526514 0.6218186309119376 0.8058929824114893 [0.26242477 0.00434512 0.5523693  1.        ]
0.3362034727679587 0.6201553626075169 0.7723408187459123 [0.26562707 0.01089885 0.54359844 0.        ]
0.3292853784615277 0.6201079729283018 0.7697375095556642 [0.26762313 0.0091096  0.54736439 0.        ]
0.3008755685308972 0.6247626425647672 0.7798716628751913 [0.21407392 0.05361087 0.5591477  0.        ]
0.8681991129069299 0.5277671406259642 0.8060955256567445 [0.26658337 0.00275907 0.55128424 1.        ]
0.8479101331959661 0.499286467376832 0.8057232532681875 [0.26396721 0.00277729 0.55180526 1.        ]
0.3410432406180269 0.5278182033619293 0.7761654289266372 [0.26529171 0.02310164 0.56383607 0.        ]
0.8329135930599866 0.49924701370410596 0.7946033072999087 [0.26845979 0.0029885  0.54985978 1.        ]
0.3480271948821616 0.4992197334381663 0.7733069724557501 [0.26509848 0.02722096 0.53871327 0.        ]
0.3285268970395539 0.4991584063252076 0.780027683742986 [0.21357746 0.05773183 0.56077029 0.        ]
0.8228088377000207 0.49915282781157155 0.7974287969933276 [0.27079066 0.00461839 0.55186672 1.        ]
0.35382074490762183 0.5277247702641114 0.7740172104242191 [0.2667184  0.00985042 0.55465868 0.        ]
0.8097543513947388 0.4991539848906409 0.8113261883301004 [0.2676126  0.00335834 0.5543686  1.        ]
0.32812062363770067 0.527260695825009 0.7802294198733898 [0.21164538 0.05684954 0.560741   0.        ]
0.3267536558510645 0.5252826439704926 0.7850513035441748 [0.16270533 0.11056969 0.56879949 0.        ]
0.3347924657474366 0.5219872883111463 0.7837647319021462 [0.13421606 0.15154918 0.56753666 0.        ]
0.3460668090101479 0.6163202845698436 0.7793489744330084 [0.13148691 0.1949787  0.56850209 0.        ]
0.378189333547247 0.6140168725202273 0.7717408766398671 [0.10265106 0.25389248 0.56835435 0.        ]
0.3960410537062963 0.9104684347157523 0.7748224594434309 [0.04541515 0.25554929 0.59673881 0.        ]
0.8912007609378572 0.6183516704943153 0.8573195977604531 [0.00342868 0.26949793 0.60165367 1.        ]
1.001875727420878 1.0 0.5683158224608845 [0.37826677 0.40993949 0.29456313 0.        ]
0.5396025713020246 0.9646786597192548 0.6037697550517164 [0.33961612 0.39584123 0.35198921 0.        ]
0.3880919637344155 0.9552391775161058 0.6347874636694406 [0.33955299 0.42193759 0.39061405 0.        ]
0.35282864375533635 0.9332818097120062 0.6391908437618588 [0.26013592 0.40510374 0.43046853 0.        ]
0.3214120859446997 0.9191305848743103 0.6868438124186171 [0.26114852 0.46686992 0.46946964 0.        ]
0.32528149880237295 0.9015032096985023 0.711572411334982 [0.25262338 0.51707403 0.51854269 0.        ]
0.30548755829317237 0.9055705375542732 0.7148970216083732 [0.21321037 0.51231092 0.5368317  0.        ]
0.2835582270587506 0.9143420782012205 0.7095080879777755 [0.18343917 0.49313127 0.54058385 0.        ]
0.2725043521687874 0.9303931107976283 0.7025844867963914 [0.15682297 0.47680096 0.546374   0.        ]
0.2955610765032791 0.9324459845594053 0.6842360342116309 [0.10343152 0.44205902 0.56286908 0.        ]
0.32155443090058083 0.919868690543443 0.6519346156031078 [0.05415782 0.40070839 0.57634538 0.        ]
0.3409168905214353 0.9127113183486879 0.6460899518956275 [0.00952269 0.39609176 0.60091759 0.        ]
0.31861565491714017 0.9167812154096142 0.635618748642788 [0.01042479 0.37963048 0.59908226 0.        ]
1.00209104023078 0.6208745395034373 0.8476217079531446 [0.00439337 0.39009435 0.60365785 1.        ]
1.0031521776324042 1.0 0.5631051429780607 [0.34663233 0.39900979 0.28611084 0.        ]
0.526841701128788 0.9762588157682011 0.5912567937580718 [0.34281702 0.41555099 0.33045503 0.        ]
0.3782629598406894 0.9660092328480396 0.6077870034369517 [0.30315716 0.40940581 0.35042399 0.        ]
0.33248330454543806 0.9470384305070986 0.6356343827244756 [0.26212852 0.42677478 0.3948557  0.        ]
0.32211508767563407 0.9259391852133974 0.658562948622541 [0.23448317 0.46423744 0.44688641 0.        ]
0.340000362892261 0.9008302402937728 0.6751271428364223 [0.17315521 0.4602506  0.50653681 0.        ]
0.35749529769620436 0.8867831689212254 0.6847220730858595 [0.11829958 0.45264379 0.55686878 0.        ]
0.3444465795319858 0.8859483871023601 0.6785128570085848 [0.08170807 0.43223745 0.56698926 0.        ]
0.3550649289203618 0.8917013607809479 0.6743472514133233 [0.03679847 0.41374218 0.59300467 0.        ]
0.344276752781932 0.9033306700827046 0.6649571425904072 [0.01200023 0.3935465  0.59741732 0.        ]
0.30673438343038195 0.9295377334918818 0.6712646398907667 [0.02243286 0.40359196 0.60052367 0.        ]
0.9947653283347059 0.6239830795182295 0.8186677979169412 [0.00489231 0.38419815 0.599153   1.        ]
1.0035396963812124 1.0 0.5597773701736948 [0.35009872 0.38257449 0.29312106 0.        ]
0.5531979640181369 0.95441000762189 0.5886627102373958 [0.28047186 0.36384264 0.34893331 0.        ]
0.4090570488228615 0.9408241252702665 0.6402625798058503 [0.26059183 0.41907857 0.3875648  0.        ]
0.3580647676181817 0.9238255161646814 0.6910312121224489 [0.23569929 0.453297   0.43795106 0.        ]
0.3326716823136241 0.9086575738895384 0.7177595011696366 [0.21989167 0.47929468 0.48413981 0.        ]
0.3105080889645085 0.8977325895579208 0.7378637290652812 [0.21978696 0.49463097 0.52133005 0.        ]
0.26493009804838574 0.9170456806377834 0.7419636344657424 [0.2369245  0.48889983 0.52177293 0.        ]
0.258519117350592 0.9365162663998188 0.7312471780954408 [0.18890555 0.48273648 0.53900343 0.        ]
0.2125841999455547 0.9596733381838726 0.74156583412714 [0.23643769 0.49195822 0.5214242  0.        ]
0.19028158177171656 0.9760145999768153 0.7399453393562839 [0.23307512 0.48633157 0.52051737 0.        ]
0.20262879922998395 0.9739367169183709 0.7127263089405039 [0.18532406 0.46007665 0.54069123 0.        ]
0.22981416539871033 0.9550500499864537 0.6784010290351232 [0.13027148 0.43434697 0.54418856 0.        ]
0.25804784722185975 0.9384912742168138 0.6707294201403026 [0.08460091 0.43338477 0.56987211 0.        ]
0.28574814186119324 0.9177883118229244 0.6481812270269475 [0.04170828 0.41632251 0.59041399 0.        ]
0.22468256619244972 0.9275033666690412 0.674064205172201 [0.08758558 0.43655474 0.56861095 0.        ]
0.18395023573268363 0.9482369898874166 0.7059791690961341 [0.13747598 0.46417826 0.55074177 0.        ]
0.16580689963121215 0.9443237713329397 0.7369618784688919 [0.18685881 0.49481948 0.5420137  0.        ]
0.15894229618594993 0.9239181513233449 0.7384026686749209 [0.23431065 0.49899389 0.52013031 0.        ]
0.14852748448764105 0.9172487581560631 0.742207583248519 [0.23618502 0.48978718 0.52245144 0.        ]
0.14651375611212147 0.93549239840471 0.736800533664618 [0.24101353 0.49818636 0.52260452 0.        ]
0.13702977882792014 0.9578967093450972 0.7399393130017385 [0.24068144 0.48394661 0.52192026 0.        ]
0.13136952855415382 0.9782938994979413 0.7407959588286817 [0.24165707 0.48648433 0.52220252 0.        ]
0.1391210251467974 0.9878917029749358 0.736937562960424 [0.25618458 0.47523291 0.53628467 0.        ]
0.18767353984193677 0.9675462546868726 0.7142622186938701 [0.32134332 0.50648229 0.54169265 0.        ]
0.244537297376809 0.9398147112846398 0.6766180591935197 [0.39044383 0.5354611  0.53812495 0.        ]
0.2612796078085132 0.9239987819611908 0.6824926257056867 [0.41140409 0.54167728 0.56851266 0.        ]
0.2840770301984144 0.9156616866033217 0.6622908881991798 [0.44996732 0.54165917 0.56842435 0.        ]
0.2324663664248008 0.9296678675714263 0.6995270731878461 [0.40246175 0.51084929 0.56913393 0.        ]
0.1853319949938301 0.9485042841059306 0.7292644577671136 [0.34023322 0.47414999 0.56673552 0.        ]
0.18679050216311918 0.9528929575314732 0.7243069544328694 [0.35222208 0.48493844 0.57001749 0.        ]
0.17153358844878197 0.9483545696028695 0.7305520519678131 [0.33419141 0.47178311 0.5671865  0.        ]
0.17902998232643624 0.9524635092437844 0.7250111923810992 [0.35761259 0.4915759  0.56869228 0.        ]
0.16913520864322734 0.9741692628682734 0.7287534368619678 [0.34913744 0.47825659 0.56871949 0.        ]
0.15843354042227617 0.9890733564023663 0.7301563134975815 [0.34034085 0.48527645 0.56160188 0.        ]
0.14645562047621796 0.9845155048164326 0.734152177025501 [0.31776281 0.47460323 0.55837552 0.        ]
0.13557251412477958 0.977190777658816 0.7377022549426084 [0.29603765 0.47701573 0.54775516 0.        ]
0.1343227356299363 0.974936271170424 0.7353328355125902 [0.30407591 0.4766621  0.55108765 0.        ]
0.12993674349620535 0.9783342421700192 0.7359140128765038 [0.30246793 0.47825512 0.54743257 0.        ]
0.12401000907431016 0.981308329556016 0.7388131857044322 [0.28655109 0.47780286 0.54380677 0.        ]
0.11893188056828288 0.981811217367933 0.7382680965775655 [0.26563512 0.47614309 0.53183408 0.        ]
0.1196004294262825 0.9854970315695303 0.7331085872234547 [0.29170035 0.47318253 0.53829507 0.        ]
0.1544239306809403 0.9661680733013854 0.7057477349686696 [0.36063722 0.51632562 0.55730352 0.        ]
0.19859238972109727 0.9410867495848654 0.6807610229645286 [0.41335182 0.54544863 0.56825039 0.        ]
0.22264952030640853 0.9230197462825591 0.6477034850137008 [0.45106458 0.54394091 0.55885189 0.        ]
0.24881666041321965 0.912978888148091 0.6320627996937423 [0.4861509  0.54160845 0.5630565  0.        ]
0.18824262722369897 0.9311031538237641 0.6862018846245608 [0.42393396 0.5130242  0.56884784 0.        ]
0.14561148799381757 0.9487182831967579 0.7181291556275687 [0.36515777 0.47442009 0.55993728 0.        ]
0.1360293488266949 0.9445329204832836 0.727827111259442 [0.35043615 0.4811047  0.5685545  0.        ]
0.12975251986245562 0.937930736667566 0.7311224707286154 [0.34007027 0.47722774 0.56764943 0.        ]
0.12622472008499072 0.939324674080976 0.7314718299692281 [0.33269048 0.47163776 0.5675497  0.        ]
0.09783516141870048 0.9594117535162087 0.7361872304263948 [0.30126281 0.47348095 0.55235887 0.        ]
0.0922648375022346 0.9695382062781157 0.7403462878885688 [0.28107262 0.47709449 0.54277811 0.        ]
0.08870717602064504 0.9678373895708492 0.738756583998292 [0.27355037 0.48272026 0.53965358 0.        ]
0.08398263777500387 0.9721789530354502 0.7386590004921203 [0.2904731  0.47876397 0.54308035 0.        ]
0.09011557344547098 0.9728915300755033 0.7363486802903015 [0.25228897 0.47245547 0.53861272 0.        ]
0.09787484818651533 0.9750444882800048 0.7358935834449294 [0.23282059 0.47820072 0.523009   0.        ]
0.10403946290475705 0.9727188855230248 0.7396466024340053 [0.22205079 0.49180577 0.52235138 0.        ]
0.12587275211450438 0.9640548554961216 0.7372821770681559 [0.18726765 0.49569293 0.54108753 0.        ]
0.1537888375712946 0.9532325497331102 0.7171160061550006 [0.15065411 0.47390169 0.55027243 0.        ]
0.14714040284520938 0.9592864171023221 0.7173587632095425 [0.1567984  0.47726498 0.54716605 0.        ]
0.12391231085777395 0.9663981068692222 0.7404279818009312 [0.18963749 0.49717928 0.54086592 0.        ]
0.10986618283204537 0.9691622032020824 0.734998819369685 [0.2168472  0.48742762 0.51821425 0.        ]
0.10843254935324129 0.9704855406211322 0.7367061668279298 [0.21437863 0.48957681 0.5215754  0.        ]
0.16277712082960838 0.958153774957341 0.6676371209284471 [0.17522423 0.42601735 0.48190518 0.        ]
0.186141760386546 0.9509236511071382 0.6811307077172618 [0.11647297 0.4442322  0.54769937 0.        ]
0.24335361879402537 0.9305549454677122 0.650148169955071 [0.06506396 0.41645583 0.56896435 0.        ]
0.29755522158169045 0.9090475733761323 0.613898887033596 [0.01998065 0.38472934 0.59437469 0.        ]
0.27863291103071114 0.9103352972328586 0.6412490666643856 [0.02985379 0.40992215 0.60126132 0.        ]
1.0499835739539107 0.6195470850018385 0.9173587766110816 [0.00366642 0.38532039 0.60070866 1.        ]
1.0035589345922369 1.0 0.38870583091429495 [0.34238773 0.38497012 0.28302975 0.        ]
0.5429495009570552 0.9627222210721296 0.4256314408841167 [0.29238866 0.40506298 0.33455549 0.        ]
0.43035688335783534 0.9313614244186067 0.4860219135404582 [0.22408805 0.40367962 0.39963193 0.        ]
0.3751093896200366 0.9115813610809148 0.5205859657361338 [0.18022529 0.40555251 0.4465079  0.        ]
0.37476710933069 0.8876174115622796 0.5709525127374941 [0.11943421 0.40798334 0.50765545 0.        ]
0.3910708243239203 0.8621560958069354 0.6203055813015784 [0.05461157 0.39850364 0.56648823 0.        ]
0.3884921838859956 0.8655461753542968 0.6523162795723033 [0.00851071 0.39114762 0.601379   0.        ]
0.33765866846803994 0.8875427847032721 0.6524985937283533 [0.00939392 0.39141691 0.59709288 0.        ]
0.299881561746916 0.9128237839940917 0.6520264865592879 [0.00974743 0.38713971 0.59431216 0.        ]
0.27546735059809063 0.9460327638650914 0.6537605946455601 [0.00541405 0.38317325 0.59905504 0.        ]
0.24804695132478544 0.9784371422611945 0.6479364791898843 [0.01429292 0.39872386 0.59878207 0.        ]
0.22803685976719654 0.9940548864856205 0.6520043028620633 [0.0086442  0.38697753 0.59754659 0.        ]
0.9854418874812924 0.6272632058498803 0.8358795339373501 [0.00297218 0.38850961 0.60347719 1.        ]
1.0030827418376131 1.0 0.5387673730041845 [0.34645878 0.38908634 0.28017596 0.        ]
0.5346822905807923 0.9696778450221238 0.5502767483178764 [0.30528062 0.40784516 0.32055167 0.        ]
0.35812753981196477 0.9731673808600194 0.5539285464542184 [0.31471106 0.41572599 0.3080594  0.        ]
0.26885502470266065 0.9761100654230876 0.5533095749232567 [0.31621183 0.41481117 0.30698805 0.        ]
0.21792125010464442 0.9776988432138864 0.5533394552117706 [0.31053367 0.41481044 0.31337717 0.        ]
0.18578819377534497 0.9794076519957978 0.5532833831421727 [0.32068669 0.40946356 0.29783888 0.        ]
0.22972210963177814 0.9642031366989411 0.539231866972107 [0.25403877 0.35499199 0.35199293 0.        ]
0.28970377363227245 0.9256290633125703 0.5281555128864658 [0.19112625 0.31635887 0.41939974 0.        ]
0.33592858180466595 0.891448842522821 0.5307130964590292 [0.1183876  0.34238442 0.48328505 0.        ]
0.38672576791830104 0.8616276507243683 0.5396876871630137 [0.05366019 0.35237931 0.54933337 0.        ]
1.0179712531666107 0.5959896692122268 0.7891343412303986 [0.00298582 0.38893652 0.60000103 1.        ]
1.0026649297320547 1.0 0.5094247818466281 [0.35233799 0.39479537 0.28170219 0.        ]
0.5439963472942263 0.9613705934864525 0.5234070232347438 [0.30309509 0.35105705 0.32208809 0.        ]
0.41844584681476765 0.9375410192720791 0.5381752159370419 [0.23875678 0.34764953 0.36916784 0.        ]
0.37704960281177174 0.9140537975201787 0.5512337786101871 [0.1835591  0.32446303 0.41959414 0.        ]
0.3821002196199664 0.8866516730865208 0.563979637068647 [0.11511235 0.33401834 0.48644916 0.        ]
0.4025878985172859 0.8582906418462178 0.5716153757954954 [0.05054731 0.35411072 0.55505671 0.        ]
0.3968879216048431 0.8581822102346394 0.5789403298384749 [0.0117088  0.37765556 0.59312356 0.        ]
0.355563569194373 0.8753011658652345 0.5768837112100058 [0.01144275 0.3915002  0.60062953 0.        ]
0.3204217840431548 0.9016085793742311 0.578659314016859 [0.00561221 0.38968356 0.60263131 0.        ]
0.2849744086281078 0.9387560080198032 0.5791452507230326 [0.00758362 0.38581934 0.59762475 0.        ]
0.2618627898724187 0.9734192760564867 0.5774357677004363 [0.00968456 0.39533358 0.60014984 0.        ]
0.2419035118858456 0.9923670610377326 0.5763831058325891 [0.0104325  0.39765128 0.60221711 0.        ]
0.22798237824818118 0.9909666011536141 0.5663186306118821 [0.0237709  0.40569328 0.60620099 0.        ]
0.21291732279440057 0.9693866654632397 0.5706023239745395 [0.05127661 0.34110591 0.56057258 0.        ]
0.9890908987218358 0.6260687583991941 0.7451555574926858 [0.00393819 0.38682943 0.59971169 1.        ]
0.07608742340013143 1.0 0.45269967942125966 [0.35132718 0.40532158 0.28807799 0.        ]
0.11283998987184954 0.962413912625376 0.4807858914448085 [0.29650722 0.41254904 0.33900334 0.        ]
0.16547596168606438 0.9323595826034248 0.512520959164483 [0.23078697 0.41587054 0.40088503 0.        ]
0.1900473591447371 0.9121246225262936 0.5353678260527946 [0.18877822 0.42286571 0.45180055 0.        ]
0.2301098615131881 0.8902330825398406 0.5614111129141569 [0.13425597 0.42528675 0.50774341 0.        ]
0.2764953538515112 0.8661783502963963 0.5885336072019943 [0.07617406 0.42854869 0.56940605 0.        ]
0.28844234867249885 0.8722075471326607 0.5993255901738981 [0.02531674 0.39860523 0.58722319 0.        ]
1.0517305251045723 0.6107977649876206 0.8760774127782982 [7.93582481e-04 3.88991042e-01 6.01752873e-01 1.00000000e+00]
1.0024170999015989 1.0 0.32211235774441516 [0.55836763 0.41006146 0.21817424 0.        ]
0.5293475709368887 0.9741720031470962 0.3643506267454859 [0.51478068 0.42835148 0.19734171 0.        ]
0.3935078750057064 0.955670410498401 0.39605212967775516 [0.46808289 0.46163384 0.18903326 0.        ]
0.33964087986814595 0.9386346447023296 0.4161102256171072 [0.42224156 0.49536826 0.20358407 0.        ]
0.31231615567560966 0.9241223734746936 0.42835939837444664 [0.38302663 0.52204093 0.21503871 0.        ]
0.32868517382828233 0.9032122069392202 0.42831122187402804 [0.33949804 0.57138574 0.27107594 0.        ]
0.3331640540976397 0.8967449680539535 0.42486879285523926 [0.30355884 0.60752004 0.29856269 0.        ]
0.29354209431193906 0.9061619122784281 0.4231020717462632 [0.30208781 0.61357379 0.28766961 0.        ]
0.26451552971024617 0.9241868821084096 0.4226796323695706 [0.29853148 0.6170532  0.28089749 0.        ]
0.2336158310159749 0.9466792178953908 0.4255968720727094 [0.31019528 0.59963877 0.29961926 0.        ]
0.20140794052632163 0.9668542235891371 0.4311395260772961 [0.34306984 0.55998939 0.24892162 0.        ]
0.2057352496229994 0.9693022929432108 0.4196041887277481 [0.31040663 0.60344255 0.3072555  0.        ]
0.2588636619204014 0.9519400135665442 0.3711853752033995 [0.28982594 0.65051056 0.36845285 0.        ]
0.27750340860563594 0.934042319240956 0.3603299062327983 [0.27660444 0.68182425 0.39115819 0.        ]
0.2953420256662581 0.918735468264871 0.35393267790045424 [0.24876396 0.70423114 0.40989228 0.        ]
0.32563298677951374 0.9036483348377479 0.39330868330749913 [0.19170192 0.71460619 0.43051172 0.        ]
0.32009295918659425 0.9200449193051248 0.49393334864444527 [0.14511648 0.67345723 0.41864326 0.        ]
0.30272798703696296 0.9301595184278058 0.5179210402547264 [0.14026086 0.62989486 0.42061419 0.        ]
0.2825141754447114 0.932604071091129 0.528229051426906 [0.14097833 0.61036773 0.405799   0.        ]
0.26296034930223516 0.9406170952155158 0.5293051516625289 [0.14435082 0.61403496 0.39148619 0.        ]
0.3254762831183716 0.9467855021807788 0.42765139916692907 [0.08258875 0.6357131  0.46181711 0.        ]
0.3830723767521075 0.9358765944015072 0.48337239585799374 [0.02559614 0.66065773 0.50883139 0.        ]
1.0556498982401314 0.6193811753128216 0.5206988885149655 [0.00294691 0.65667196 0.51317871 1.        ]
