[0.1413452] [0.49401744 0.48831262 0.21802523 0.        ]
[0.13682197] [0.54563705 0.49854153 0.22408381 0.        ]
[0.13239011] [0.59591894 0.4968586  0.23940188 0.        ]
[0.12976792] [0.64800504 0.50456155 0.27219811 0.        ]
[0.13014103] [0.70661531 0.5377752  0.32163218 0.        ]
[0.12761466] [0.75115135 0.56217589 0.34975747 0.        ]
[0.12175722] [0.7807017  0.5785095  0.35346212 0.        ]
[0.11880177] [0.82215214 0.61202831 0.37356579 0.        ]
[0.11550981] [0.86118747 0.6469574  0.39188128 0.        ]
[0.11287348] [0.90371732 0.69584291 0.40619368 0.        ]
[0.11084853] [0.9477213  0.7270787  0.44815775 0.        ]
[0.10644834] [0.9807368  0.75503317 0.47445468 0.        ]
[0.09798767] [0.99115948 0.76629485 0.48249284 0.        ]
[0.08840162] [0.99265792 0.77050131 0.4813242  0.        ]
[0.07953601] [0.99430949 0.77109956 0.4837052  0.        ]
[0.06996094] [0.9858254  0.76682582 0.47076104 0.        ]
[0.06211463] [0.98230302 0.76095248 0.47240282 0.        ]
[0.05553499] [0.98487705 0.76017018 0.47588344 0.        ]
[0.0496304] [0.98899442 0.77084048 0.47355686 0.        ]
[0.04443622] [0.99428775 0.77378325 0.48169601 0.        ]
[0.03883124] [0.98674921 0.76602221 0.47403886 0.        ]
[0.03424383] [0.98414076 0.75792352 0.47714714 0.        ]
[0.03050193] [0.99021082 0.76661918 0.48018219 0.        ]
[0.02693025] [0.99039024 0.76530222 0.48203892 0.        ]
[0.02364004] [0.98920627 0.77083145 0.47353714 0.        ]
[0.02093172] [0.99189614 0.77081345 0.47902523 0.        ]
[0.01818922] [0.98139368 0.76204323 0.47034505 0.        ]
[0.01611488] [0.98721349 0.77162772 0.46875245 0.        ]
[0.01433063] [0.99002671 0.76416464 0.48215387 0.        ]
[0.01264673] [0.99017123 0.76794604 0.48008048 0.        ]
[0.01118283] [0.98958383 0.76340765 0.48235944 0.        ]
[0.00989525] [0.98935809 0.76373356 0.48146387 0.        ]
[0.00881363] [0.99317588 0.77169499 0.48103455 0.        ]
[0.00785965] [0.99486846 0.77396361 0.48206032 0.        ]
[0.00693529] [0.98829156 0.76631769 0.47760628 0.        ]
[0.00624525] [0.99289695 0.77135038 0.48168871 0.        ]
[0.00551076] [0.98310835 0.75303223 0.48006259 0.        ]
[0.00505092] [0.90519451 0.67962757 0.41255728 0.        ]
[0.00572646] [0.8386329  0.6259295  0.35046799 0.        ]
[0.00708522] [0.77402231 0.57202502 0.30169757 0.        ]
[0.00718545] [0.77023186 0.60337795 0.2551988  0.        ]
[0.00744992] [0.77027744 0.63696175 0.21767039 0.        ]
[0.00957777] [0.72728426 0.63195057 0.15079224 0.        ]
[0.01196986] [0.67612447 0.61401321 0.08839735 0.        ]
[0.01394598] [0.63576373 0.61314895 0.03796693 0.        ]
[0.01456896] [0.60010424 0.57834979 0.00447866 0.        ]
[0.01270046] [0.59171563 0.57915296 0.0116556  0.        ]
[0.01099808] [0.60390461 0.58594997 0.00395004 0.        ]
[0.00946323] [0.59559009 0.58068187 0.0073005  0.        ]
[0.00808133] [0.59563346 0.57868291 0.00607564 0.        ]
[0.0068093] [0.59057748 0.57354289 0.01082872 0.        ]
[0.00591993] [0.52753177 0.52529118 0.07439338 0.        ]
[0.00591027] [0.48737385 0.51173708 0.11537318 0.        ]
[0.00671825] [0.4469719  0.52795503 0.17216119 0.        ]
[0.00832975] [0.39993471 0.50431935 0.21950307 0.        ]
[0.01183717] [0.33015486 0.46761936 0.28212333 0.        ]
[0.01612128] [0.26409348 0.44647351 0.3467754  0.        ]
[0.02109233] [0.19637148 0.42020314 0.41035878 0.        ]
[0.02646245] [0.12885335 0.37612834 0.47287786 0.        ]
[0.03194863] [0.06663578 0.39904322 0.54171965 0.        ]
[0.03436607] [0.0214061  0.41756117 0.5823576  0.        ]
[0.03238343] [0.00837378 0.4219636  0.60156783 0.        ]
[0.02806817] [0.01106762 0.42463385 0.60458845 0.        ]
[0.02386555] [0.00531881 0.41149666 0.5988174  0.        ]
[0.1212238] [0.00261146 0.41659215 0.60347626 1.        ]
[0.11167726] [0.00311784 0.41789896 0.60080061 1.        ]
[0.09985507] [0.00444921 0.41194609 0.59872779 1.        ]
[0.08741635] [0.00368473 0.41749662 0.60416939 1.        ]
[0.01170787] [0.00866287 0.42460981 0.60486316 0.        ]
[0.06475927] [0.00480506 0.4146892  0.60166626 1.        ]
[0.05498387] [0.0049114  0.41937872 0.60457495 1.        ]
[0.01063442] [0.0223829  0.40166994 0.60627152 0.        ]
[0.01092953] [0.00717893 0.41868582 0.60162793 0.        ]
[0.03350926] [0.00350035 0.41391696 0.60262506 1.        ]
[0.01162308] [0.01237708 0.42729525 0.60143873 0.        ]
[0.0120682] [0.01630961 0.43135378 0.60528349 0.        ]
[0.01223169] [0.01938024 0.43271515 0.60712174 0.        ]
[0.01940309] [0.00492611 0.42069352 0.60142615 1.        ]
[0.01219371] [0.02874277 0.43709233 0.6047491  0.        ]
[0.01203528] [0.01014672 0.42469109 0.6064143  0.        ]
[0.01176047] [0.02658538 0.43811959 0.60599147 0.        ]
[0.01318888] [0.00494035 0.4165763  0.59699998 1.        ]
[0.01093351] [0.04892413 0.38392664 0.60323073 0.        ]
[0.01130269] [0.09500417 0.353878   0.6051456  0.        ]
[0.01324902] [0.15002142 0.30737997 0.63490604 0.        ]
[0.01627839] [0.21493719 0.25528127 0.65640647 0.        ]
[0.02014204] [0.2806161  0.19547774 0.66249402 0.        ]
[0.02272517] [0.32930213 0.15876814 0.66235983 0.        ]
[0.02606305] [0.38509871 0.11916762 0.65858102 0.        ]
[0.02815191] [0.43000165 0.0863872  0.64385692 0.        ]
[0.0282979] [0.45811114 0.06382212 0.62249914 0.        ]
[0.02639435] [0.47789983 0.06470732 0.59339102 0.        ]
[0.02390547] [0.5011804  0.09043121 0.58558662 0.        ]
[0.02149728] [0.52048665 0.11304163 0.57857153 0.        ]
[0.01879942] [0.51856734 0.11190089 0.57607966 0.        ]
[0.01632744] [0.51830705 0.11206993 0.57497663 0.        ]
[0.01411622] [0.51618281 0.10677422 0.582925   0.        ]
[0.01200694] [0.51715097 0.11039884 0.57633345 0.        ]
[0.0101363] [0.51473569 0.10779414 0.57635872 0.        ]
[0.02405909] [0.47060374 0.51639337 0.18464865 0.        ]
[0.03048632] [0.51804762 0.57260963 0.13785587 0.        ]
[0.03445233] [0.55847134 0.6090543  0.10417088 0.        ]
[0.03624613] [0.59654848 0.60791603 0.0524832  0.        ]
[0.03601827] [0.63659667 0.64453195 0.06774258 0.        ]
[0.03437851] [0.68174554 0.67420861 0.09989908 0.        ]
[0.0316803] [0.71730318 0.69102258 0.12624542 0.        ]
[0.02990183] [0.7603097  0.72881716 0.17503681 0.        ]
[0.02789664] [0.8048353  0.75776936 0.22084838 0.        ]
[0.02602652] [0.84715597 0.78544089 0.26553118 0.        ]
[0.02490698] [0.89140623 0.81931671 0.31122841 0.        ]
[0.02231523] [0.91374002 0.83885271 0.3346119  0.        ]
[0.01837715] [0.91798849 0.84202625 0.33816301 0.        ]
[0.01445797] [0.91366842 0.84047404 0.33463715 0.        ]
[0.01144212] [0.9184414  0.839163   0.33697388 0.        ]
[0.00906969] [0.91735566 0.84291758 0.33866777 0.        ]
[0.00691521] [0.91589541 0.8353533  0.3339849  0.        ]
[0.00566622] [0.91574104 0.83946228 0.34002136 0.        ]
[0.00476398] [0.91881026 0.84270899 0.34084766 0.        ]
[0.00412397] [0.92042734 0.84455868 0.34116749 0.        ]
[0.00360853] [0.91577294 0.83576034 0.33859313 0.        ]
[0.00338169] [0.9163546  0.8382626  0.33911415 0.        ]
[0.00333713] [0.85582731 0.76138129 0.28551039 0.        ]
[0.00443062] [0.80224895 0.69598143 0.23723235 0.        ]
[0.00603552] [0.75724219 0.63937507 0.20025962 0.        ]
[0.00771636] [0.71055136 0.60541631 0.15528403 0.        ]
[0.00946538] [0.66277471 0.58963561 0.09911962 0.        ]
[0.01124963] [0.61997136 0.57880543 0.04374078 0.        ]
[0.01233588] [0.57459872 0.55028711 0.03532761 0.        ]
[0.01247012] [0.52645029 0.5069082  0.0822139  0.        ]
[0.01221383] [0.48816715 0.47899441 0.13174356 0.        ]
[0.01223223] [0.45099106 0.4480059  0.18703543 0.        ]
[0.01221794] [0.40530606 0.45356132 0.22083585 0.        ]
[0.0142067] [0.33740065 0.39989715 0.28528963 0.        ]
[0.01636363] [0.27383817 0.35731985 0.35058673 0.        ]
[0.01850889] [0.2221074  0.3136724  0.41713481 0.        ]
[0.02056915] [0.1443695  0.32585732 0.47842308 0.        ]
[0.02286797] [0.07480619 0.35417404 0.54251853 0.        ]
[0.02483344] [0.01769104 0.41316411 0.58408133 0.        ]
[0.03181791] [0.00472898 0.41653476 0.59750781 1.        ]
[0.02825247] [0.00313266 0.41890565 0.60310747 1.        ]
[0.01882266] [0.00567912 0.42118006 0.6036509  0.        ]
[0.01629677] [0.01532304 0.42864708 0.60755223 0.        ]
[0.01390673] [0.01307576 0.42468129 0.59830421 0.        ]
[0.01221273] [0.00714084 0.42148117 0.6052656  0.        ]
[0.01015382] [0.00912671 0.42135539 0.59853392 0.        ]
[0.00868961] [0.00535472 0.41910925 0.60415522 0.        ]
[0.01059504] [0.00361899 0.41591979 0.60249621 1.        ]
[0.00608793] [0.01209933 0.42673678 0.60387531 0.        ]
[0.0090317] [0.00261326 0.41620634 0.60197347 1.        ]
[0.00838715] [0.00234588 0.41484307 0.5992951  1.        ]
[0.00403641] [0.01714587 0.43024719 0.6026011  0.        ]
[0.00703716] [0.00263347 0.41638214 0.60374887 1.        ]
[0.00345737] [0.04328883 0.45071911 0.59242966 0.        ]
[0.00330457] [0.03807694 0.44887708 0.59662852 0.        ]
[0.00309383] [0.03243174 0.44493975 0.59933125 0.        ]
[0.00284909] [0.05556079 0.45427094 0.58277431 0.        ]
[0.00282572] [0.09578549 0.46724995 0.56227071 0.        ]
[0.00325093] [0.14287041 0.48953241 0.54958166 0.        ]
[0.00410898] [0.19486024 0.52406016 0.53787674 0.        ]
[0.0051412] [0.24318243 0.55902122 0.53103214 0.        ]
[0.00611436] [0.29142351 0.58602148 0.51582066 0.        ]
[0.00737377] [0.33845633 0.61781873 0.53151246 0.        ]
[0.00669307] [0.33724259 0.62128403 0.52602928 0.        ]
[0.00573192] [0.33855847 0.60592386 0.52504187 0.        ]
[0.00530271] [0.33939428 0.6248157  0.53004792 0.        ]
[0.00433129] [0.33600551 0.61767017 0.51660663 0.        ]
[0.00366684] [0.33618826 0.61750198 0.5260445  0.        ]
[0.00306415] [0.33674722 0.62057927 0.52213307 0.        ]
[0.00255692] [0.33901099 0.62213149 0.52600958 0.        ]
[0.00204283] [0.33998918 0.61831007 0.50919319 0.        ]
[0.00170417] [0.34346803 0.59405671 0.45682257 0.        ]
[0.00183057] [0.35755536 0.57807097 0.40522807 0.        ]
[0.00232134] [0.36030778 0.52418175 0.3499619  0.        ]
[0.00341046] [0.35710844 0.45663458 0.30343206 0.        ]
[0.00474101] [0.37384808 0.39709592 0.27621778 0.        ]
[0.00588581] [0.40069878 0.35096784 0.26374997 0.        ]
[0.00630623] [0.40544419 0.28950297 0.31314149 0.        ]
[0.00718776] [0.42604271 0.23224885 0.36538764 0.        ]
[0.0084472] [0.42481954 0.16366354 0.44531906 0.        ]
[0.00972138] [0.43203487 0.11068845 0.51384451 0.        ]
[0.01089428] [0.41963528 0.05644401 0.54875298 0.        ]
[0.01180284] [0.41797599 0.00931708 0.5739472  0.        ]
[0.01072136] [0.42203571 0.00981673 0.58086293 0.        ]
[0.00945605] [0.4164871  0.00998491 0.58811561 0.        ]
[0.02605664] [0.41660301 0.00449139 0.58641422 1.        ]
[0.0070952] [0.41966815 0.00540898 0.57983588 0.        ]
[0.02104022] [0.42046306 0.00494751 0.58209638 1.        ]
[0.01799443] [0.41419531 0.00466236 0.57765804 1.        ]
[0.00403713] [0.42248786 0.00684085 0.58629052 0.        ]
[0.01222601] [0.41637134 0.00460229 0.58239525 1.        ]
[0.00979444] [0.42027503 0.0041495  0.58354181 1.        ]
[0.00246353] [0.4468869  0.05810131 0.62297452 0.        ]
[0.00584407] [0.41533084 0.00481243 0.58046099 1.        ]
[0.00234785] [0.43406915 0.06249141 0.62704764 0.        ]
[0.00294205] [0.42778759 0.10669311 0.65416712 0.        ]
[0.00372112] [0.39876834 0.14101525 0.67359449 0.        ]
[0.00527046] [0.39460535 0.19083196 0.71137008 0.        ]
[0.0068633] [0.39432793 0.24109171 0.74143731 0.        ]
