0 exploration 100 None None
1 exploration 100 None None
2 exploration_path 16 None [0.41572394 0.00259305 0.58337542 1.        ]
3 exploration_path 44 None [0.00448883 0.41833327 0.60271873 1.        ]
4 exploration_path 10 None [0.41572394 0.00259305 0.58337542 1.        ]
5 exploration_path 8 None [0.00448883 0.41833327 0.60271873 1.        ]
6 exploration_path 17 None [0.41572394 0.00259305 0.58337542 1.        ]
7 exploration_path 9 None [0.00448883 0.41833327 0.60271873 1.        ]
8 exploration_path 12 None [0.41572394 0.00259305 0.58337542 1.        ]
9 exploration_path 6 None [0.00448883 0.41833327 0.60271873 1.        ]
10 exploration_path 10 None [0.41572394 0.00259305 0.58337542 1.        ]
11 exploration_path 8 None [0.00448883 0.41833327 0.60271873 1.        ]
12 exploration_path 9 None [0.41572394 0.00259305 0.58337542 1.        ]
13 exploration_path 8 None [0.41572394 0.00259305 0.58337542 1.        ]
14 improvement 8 0 [0.41572394 0.00259305 0.58337542 1.        ]
15 exploration_path 30 None [0.00448883 0.41833327 0.60271873 1.        ]
16 exploration_path 9 None [0.00448883 0.41833327 0.60271873 1.        ]
17 improvement 100 1 [0.00448883 0.41833327 0.60271873 1.        ]
18 improvement 9 0 [0.41572394 0.00259305 0.58337542 1.        ]
19 exploration_path 7 1 [0.00448883 0.41833327 0.60271873 1.        ]
20 improvement 100 1 [0.00448883 0.41833327 0.60271873 1.        ]
21 exploration_path 10 1 [0.00448883 0.41833327 0.60271873 1.        ]
22 improvement 12 0 [0.41572394 0.00259305 0.58337542 1.        ]
23 improvement 8 0 [0.41572394 0.00259305 0.58337542 1.        ]
24 improvement 9 0 [0.41572394 0.00259305 0.58337542 1.        ]
25 exploration_path 7 1 [0.00448883 0.41833327 0.60271873 1.        ]
26 improvement 10 0 [0.41572394 0.00259305 0.58337542 1.        ]
27 improvement 13 0 [0.41572394 0.00259305 0.58337542 1.        ]
28 improvement 8 0 [0.41572394 0.00259305 0.58337542 1.        ]
29 improvement 9 0 [0.41572394 0.00259305 0.58337542 1.        ]
30 improvement 13 0 [0.41572394 0.00259305 0.58337542 1.        ]
31 improvement 8 0 [0.41572394 0.00259305 0.58337542 1.        ]
32 improvement 11 0 [0.41572394 0.00259305 0.58337542 1.        ]
33 improvement 9 0 [0.41572394 0.00259305 0.58337542 1.        ]
34 improvement 10 0 [0.41572394 0.00259305 0.58337542 1.        ]
35 exploration_path 7 1 [0.00448883 0.41833327 0.60271873 1.        ]
36 exploration_path 13 1 [0.00448883 0.41833327 0.60271873 1.        ]
37 improvement 9 0 [0.41572394 0.00259305 0.58337542 1.        ]
38 improvement 10 0 [0.41572394 0.00259305 0.58337542 1.        ]
39 exploration_path 10 1 [0.00448883 0.41833327 0.60271873 1.        ]
40 improvement 23 0 [0.41572394 0.00259305 0.58337542 1.        ]
41 improvement 8 0 [0.41572394 0.00259305 0.58337542 1.        ]
42 improvement 12 0 [0.41572394 0.00259305 0.58337542 1.        ]
43 improvement 13 0 [0.41572394 0.00259305 0.58337542 1.        ]
44 improvement 13 0 [0.41572394 0.00259305 0.58337542 1.        ]
45 improvement 21 0 [0.41572394 0.00259305 0.58337542 1.        ]
46 improvement 9 0 [0.41572394 0.00259305 0.58337542 1.        ]
47 improvement 9 0 [0.41572394 0.00259305 0.58337542 1.        ]
48 improvement 8 0 [0.41572394 0.00259305 0.58337542 1.        ]
49 improvement 9 0 [0.41572394 0.00259305 0.58337542 1.        ]
50 improvement 12 0 [0.41572394 0.00259305 0.58337542 1.        ]
51 improvement 8 0 [0.41572394 0.00259305 0.58337542 1.        ]
52 improvement 12 0 [0.41572394 0.00259305 0.58337542 1.        ]
53 improvement 13 0 [0.41572394 0.00259305 0.58337542 1.        ]
54 improvement 14 0 [0.41572394 0.00259305 0.58337542 1.        ]
55 exploration_path 15 1 [0.00448883 0.41833327 0.60271873 1.        ]
56 improvement 14 0 [0.00448883 0.41833327 0.60271873 1.        ]
57 improvement 100 0 [0.00448883 0.41833327 0.60271873 1.        ]
58 improvement 13 0 [0.41572394 0.00259305 0.58337542 1.        ]
59 improvement 8 0 [0.41572394 0.00259305 0.58337542 1.        ]
60 improvement 8 0 [0.41572394 0.00259305 0.58337542 1.        ]
61 exploration_path 17 0 [0.00448883 0.41833327 0.60271873 1.        ]
62 improvement 100 0 [0.00448883 0.41833327 0.60271873 1.        ]
63 exploration_path 100 0 [0.00448883 0.41833327 0.60271873 1.        ]
64 exploration_path 42 0 [0.00448883 0.41833327 0.60271873 1.        ]
65 improvement 8 0 [0.41572394 0.00259305 0.58337542 1.        ]
66 improvement 10 0 [0.41572394 0.00259305 0.58337542 1.        ]
67 improvement 8 0 [0.41572394 0.00259305 0.58337542 1.        ]
68 improvement 9 0 [0.41572394 0.00259305 0.58337542 1.        ]
69 improvement 100 0 [0.00448883 0.41833327 0.60271873 1.        ]
70 improvement 8 0 [0.41572394 0.00259305 0.58337542 1.        ]
71 improvement 8 0 [0.41572394 0.00259305 0.58337542 1.        ]
72 improvement 11 0 [0.41572394 0.00259305 0.58337542 1.        ]
73 improvement 8 0 [0.41572394 0.00259305 0.58337542 1.        ]
74 improvement 10 0 [0.41572394 0.00259305 0.58337542 1.        ]
75 improvement 15 0 [0.41572394 0.00259305 0.58337542 1.        ]
76 exploration_path 19 0 [0.00448883 0.41833327 0.60271873 1.        ]
77 improvement 13 0 [0.41572394 0.00259305 0.58337542 1.        ]
78 improvement 9 0 [0.41572394 0.00259305 0.58337542 1.        ]
79 improvement 10 0 [0.41572394 0.00259305 0.58337542 1.        ]
80 improvement 15 0 [0.00448883 0.41833327 0.60271873 1.        ]
81 improvement 12 0 [0.41572394 0.00259305 0.58337542 1.        ]
82 improvement 9 0 [0.41572394 0.00259305 0.58337542 1.        ]
83 improvement 20 0 [0.00448883 0.41833327 0.60271873 1.        ]
84 improvement 8 0 [0.41572394 0.00259305 0.58337542 1.        ]
85 improvement 9 0 [0.41572394 0.00259305 0.58337542 1.        ]
86 improvement 8 0 [0.41572394 0.00259305 0.58337542 1.        ]
87 improvement 8 0 [0.41572394 0.00259305 0.58337542 1.        ]
88 improvement 17 0 [0.00448883 0.41833327 0.60271873 1.        ]
89 improvement 8 0 [0.41572394 0.00259305 0.58337542 1.        ]
90 improvement 9 0 [0.41572394 0.00259305 0.58337542 1.        ]
