0 9 [ 760.476  242.05  -757.078]
1 11 [ 514.496  426.146 -660.   ]
2 12 [ 514.496  426.146 -660.   ]
3 8 [ 514.496  426.146 -660.   ]
4 8 [ 760.476  242.05  -757.078]
5 12 [ 676.898  192.303 -757.078]
6 8 [ 627.341  283.309 -757.078]
7 6 [ 514.496  426.146 -660.   ]
8 9 [ 731.565  310.941 -757.078]
9 11 [ 539.745  206.497 -757.078]
10 8 [ 760.476  242.05  -757.078]
11 9 [ 760.476  242.05  -757.078]
12 11 [ 514.496  426.146 -660.   ]
13 12 [ 514.496  426.146 -660.   ]
14 8 [ 514.496  426.146 -660.   ]
15 8 [ 760.476  242.05  -757.078]
16 12 [ 676.898  192.303 -757.078]
17 8 [ 627.341  283.309 -757.078]
18 6 [ 514.496  426.146 -660.   ]
19 9 [ 731.565  310.941 -757.078]
20 11 [ 539.745  206.497 -757.078]
21 8 [ 760.476  242.05  -757.078]
22 9 [ 760.476  242.05  -757.078]
23 11 [ 514.496  426.146 -660.   ]
24 12 [ 514.496  426.146 -660.   ]
25 8 [ 514.496  426.146 -660.   ]
26 8 [ 760.476  242.05  -757.078]
27 12 [ 676.898  192.303 -757.078]
28 8 [ 627.341  283.309 -757.078]
29 6 [ 514.496  426.146 -660.   ]
30 9 [ 731.565  310.941 -757.078]
31 11 [ 539.745  206.497 -757.078]
32 8 [ 760.476  242.05  -757.078]
33 9 [ 760.476  242.05  -757.078]
34 11 [ 514.496  426.146 -660.   ]
35 12 [ 514.496  426.146 -660.   ]
36 8 [ 514.496  426.146 -660.   ]
37 8 [ 760.476  242.05  -757.078]
38 12 [ 676.898  192.303 -757.078]
39 8 [ 627.341  283.309 -757.078]
40 6 [ 514.496  426.146 -660.   ]
41 9 [ 731.565  310.941 -757.078]
42 11 [ 539.745  206.497 -757.078]
43 8 [ 760.476  242.05  -757.078]
44 9 [ 760.476  242.05  -757.078]
45 11 [ 514.496  426.146 -660.   ]
46 12 [ 514.496  426.146 -660.   ]
47 8 [ 514.496  426.146 -660.   ]
48 8 [ 760.476  242.05  -757.078]
49 12 [ 676.898  192.303 -757.078]
50 8 [ 760.476  242.05  -757.078]
51 100 [ 791.613 -189.437 -660.   ]
52 100 [ 791.613 -189.437 -660.   ]
53 9 [ 676.898  192.303 -757.078]
54 100 [ 791.613 -189.437 -660.   ]
55 8 [ 627.341  283.309 -757.078]
56 8 [ 731.565  310.941 -757.078]
57 100 [ 791.613 -189.437 -660.   ]
58 13 [ 539.745  206.497 -757.078]
59 14 [ 760.476  242.05  -757.078]
60 10 [ 676.898  192.303 -757.078]
61 8 [ 627.341  283.309 -757.078]
62 9 [ 731.565  310.941 -757.078]
63 100 [ 791.613 -189.437 -660.   ]
64 100 [ 791.613 -189.437 -660.   ]
65 8 [ 539.745  206.497 -757.078]
66 8 [ 760.476  242.05  -757.078]
67 9 [ 676.898  192.303 -757.078]
68 100 [ 791.613 -189.437 -660.   ]
69 100 [ 791.613 -189.437 -660.   ]
70 100 [ 791.613 -189.437 -660.   ]
71 10 [ 627.341  283.309 -757.078]
72 100 [ 791.613 -189.437 -660.   ]
73 8 [ 760.476  242.05  -757.078]
74 100 [ 791.613 -189.437 -660.   ]
75 100 [ 791.613 -189.437 -660.   ]
76 9 [ 676.898  192.303 -757.078]
77 100 [ 791.613 -189.437 -660.   ]
78 8 [ 627.341  283.309 -757.078]
79 8 [ 731.565  310.941 -757.078]
80 100 [ 791.613 -189.437 -660.   ]
81 13 [ 539.745  206.497 -757.078]
82 14 [ 760.476  242.05  -757.078]
83 10 [ 676.898  192.303 -757.078]
84 8 [ 627.341  283.309 -757.078]
85 9 [ 731.565  310.941 -757.078]
86 100 [ 791.613 -189.437 -660.   ]
87 100 [ 791.613 -189.437 -660.   ]
88 8 [ 539.745  206.497 -757.078]
89 8 [ 760.476  242.05  -757.078]
90 9 [ 676.898  192.303 -757.078]