0 10 [ 760.476  242.05  -757.078]
1 6 [ 514.496  426.146 -660.   ]
2 9 [ 514.496  426.146 -660.   ]
3 10 [ 514.496  426.146 -660.   ]
4 6 [ 514.496  426.146 -660.   ]
5 7 [ 514.496  426.146 -660.   ]
6 6 [ 514.496  426.146 -660.   ]
7 6 [ 514.496  426.146 -660.   ]
8 7 [ 514.496  426.146 -660.   ]
9 7 [ 514.496  426.146 -660.   ]
10 11 [ 760.476  242.05  -757.078]
11 10 [ 760.476  242.05  -757.078]
12 6 [ 514.496  426.146 -660.   ]
13 9 [ 514.496  426.146 -660.   ]
14 10 [ 514.496  426.146 -660.   ]
15 6 [ 514.496  426.146 -660.   ]
16 7 [ 514.496  426.146 -660.   ]
17 6 [ 514.496  426.146 -660.   ]
18 6 [ 514.496  426.146 -660.   ]
19 7 [ 514.496  426.146 -660.   ]
20 7 [ 514.496  426.146 -660.   ]
21 11 [ 760.476  242.05  -757.078]
22 10 [ 760.476  242.05  -757.078]
23 6 [ 514.496  426.146 -660.   ]
24 9 [ 514.496  426.146 -660.   ]
25 10 [ 514.496  426.146 -660.   ]
26 6 [ 514.496  426.146 -660.   ]
27 7 [ 514.496  426.146 -660.   ]
28 6 [ 514.496  426.146 -660.   ]
29 6 [ 514.496  426.146 -660.   ]
30 7 [ 514.496  426.146 -660.   ]
31 7 [ 514.496  426.146 -660.   ]
32 11 [ 760.476  242.05  -757.078]
33 10 [ 760.476  242.05  -757.078]
34 6 [ 514.496  426.146 -660.   ]
35 9 [ 514.496  426.146 -660.   ]
36 10 [ 514.496  426.146 -660.   ]
37 6 [ 514.496  426.146 -660.   ]
38 7 [ 514.496  426.146 -660.   ]
39 6 [ 514.496  426.146 -660.   ]
40 6 [ 514.496  426.146 -660.   ]
41 7 [ 514.496  426.146 -660.   ]
42 7 [ 514.496  426.146 -660.   ]
43 11 [ 760.476  242.05  -757.078]
44 10 [ 760.476  242.05  -757.078]
45 6 [ 514.496  426.146 -660.   ]
46 9 [ 514.496  426.146 -660.   ]
47 10 [ 514.496  426.146 -660.   ]
48 6 [ 514.496  426.146 -660.   ]
49 7 [ 514.496  426.146 -660.   ]
50 11 [ 760.476  242.05  -757.078]
51 100 [ 791.613 -189.437 -660.   ]
52 10 [ 676.898  192.303 -757.078]
53 8 [ 627.341  283.309 -757.078]
54 8 [ 731.565  310.941 -757.078]
55 100 [ 791.613 -189.437 -660.   ]
56 8 [ 539.745  206.497 -757.078]
57 100 [ 791.613 -189.437 -660.   ]
58 8 [ 760.476  242.05  -757.078]
59 11 [ 760.476  242.05  -757.078]
60 100 [ 791.613 -189.437 -660.   ]
61 10 [ 676.898  192.303 -757.078]
62 8 [ 627.341  283.309 -757.078]
63 8 [ 731.565  310.941 -757.078]
64 100 [ 791.613 -189.437 -660.   ]
65 8 [ 539.745  206.497 -757.078]
66 100 [ 791.613 -189.437 -660.   ]
67 8 [ 760.476  242.05  -757.078]50 11 [ 760.476  242.05  -757.078]
68 100 [ 791.613 -189.437 -660.   ]
69 10 [ 676.898  192.303 -757.078]
70 8 [ 627.341  283.309 -757.078]
71 8 [ 731.565  310.941 -757.078]
72 100 [ 791.613 -189.437 -660.   ]
73 8 [ 539.745  206.497 -757.078]
74 100 [ 791.613 -189.437 -660.   ]
75 8 [ 760.476  242.05  -757.078]50 11 [ 760.476  242.05  -757.078]
76 100 [ 791.613 -189.437 -660.   ]
77 10 [ 676.898  192.303 -757.078]
78 8 [ 627.341  283.309 -757.078]
79 8 [ 731.565  310.941 -757.078]
80 100 [ 791.613 -189.437 -660.   ]
81 8 [ 539.745  206.497 -757.078]
82 100 [ 791.613 -189.437 -660.   ]
83 8 [ 760.476  242.05  -757.078]50 11 [ 760.476  242.05  -757.078]
84 100 [ 791.613 -189.437 -660.   ]
85 10 [ 676.898  192.303 -757.078]
86 8 [ 627.341  283.309 -757.078]
87 8 [ 731.565  310.941 -757.078]
88 100 [ 791.613 -189.437 -660.   ]
89 8 [ 539.745  206.497 -757.078]
90 100 [ 791.613 -189.437 -660.   ]